# The mean values of the components (in mm)
204
1
6
-73.380898 
-72.582639 
-70.304662 
-66.542455 
-59.493172 
-48.199613 
-34.070476 
-17.929162 
0.185920 
17.826894 
33.261237 
47.006967 
57.911734 
64.877238 
68.695243 
70.991138 
71.982150 
-60.857798 
-51.084409 
-37.810390 
-24.219553 
-11.927210 
12.086836 
25.043377 
38.290240 
51.038905 
59.998993 
0.464545 
0.517151 
0.608437 
0.749958 
-14.992741 
-7.459267 
0.314747 
8.042677 
15.019667 
-46.050319 
-37.655227 
-27.927411 
-19.637557 
-28.301209 
-38.004479 
19.228028 
27.923012 
37.493233 
45.318351 
38.118012 
28.674365 
-28.975841 
-17.672678 
-6.928767 
0.170115 
8.113441 
18.661385 
28.794352 
18.976679 
8.817798 
0.284411 
-7.594753 
-18.282247 
-24.331513 
-7.081869 
0.177174 
8.221331 
24.328356 
8.324948 
0.110964 
-7.351694 
-29.936658 
-11.042156 
8.041248 
26.619998 
43.641838 
57.938519 
68.774650 
76.449255 
78.387315 
75.999105 
68.118622 
57.353687 
43.271535 
26.165798 
7.627498 
-11.009806 
-29.648210 
-50.031774 
-59.272776 
-62.556318 
-61.616021 
-57.244694 
-58.076005 
-62.656137 
-63.490278 
-59.917435 
-50.793438 
-43.116562 
-32.057994 
-21.164241 
-9.831643 
2.031873 
4.079436 
5.796398 
4.044122 
2.179653 
-37.696954 
-42.963723 
-42.963093 
-37.212116 
-35.454629 
-35.248915 
-37.426044 
-43.524234 
-43.298092 
-38.258109 
-35.756936 
-35.759729 
28.842965 
22.012051 
18.753965 
20.479928 
18.909537 
22.387341 
28.491955 
36.776151 
40.097199 
40.782048 
40.158014 
36.954181 
28.862346 
25.324503 
25.844667 
25.307237 
28.651722 
31.021268 
31.716435 
31.130657 
45.735875 
43.949559 
43.343491 
42.653622 
39.274999 
32.109078 
19.595258 
4.521894 
-0.752128 
4.742495 
18.422949 
30.445433 
37.920144 
42.024584 
43.774934 
45.791207 
48.815655 
14.018692 
6.993681 
0.532856 
-5.811918 
-10.558643 
-11.670801 
-7.839107 
-2.089321 
4.090619 
10.566715 
-14.419176 
-22.399052 
-30.609711 
-38.451468 
-20.882640 
-24.663734 
-27.191308 
-24.766179 
-21.452615 
7.057380 
3.172347 
1.534434 
-0.107695 
0.181030 
1.719754 
-0.769093 
0.152945 
1.463412 
4.606127 
0.198654 
-1.105990 
-2.577970 
-15.870268 
-22.548546 
-23.287101 
-22.256933 
-15.407674 
-3.575564 
-14.145079 
-21.240976 
-22.289549 
-21.409540 
-14.421896 
-5.029645 
-20.875008 
-21.886749 
-20.736638 
-6.037038 
-19.672264 
-20.885960 
-19.714847 
# The principal components (eigenvectors) of identity or combined identity and expression model
204
37
6
-0.102673 0.078086 -0.020992 -0.155047 -0.115032 -0.113151 -0.079255 0.035426 0.094626 -0.097542 0.031747 0.031206 -0.088951 0.037293 -0.127419 0.018407 -0.059949 0.033442 -0.015980 0.099593 0.090400 -0.013424 0.076700 -0.074375 -0.087279 -0.045405 0.018619 -0.098735 0.039749 -0.041550 -0.002697 0.239488 0.097035 -0.074173 -0.091007 -0.025325 -0.000920 
-0.088180 0.070344 -0.021498 -0.162505 -0.098215 -0.094172 -0.051989 0.001799 0.057256 -0.062208 0.011739 0.017807 -0.082230 -0.021510 -0.121763 0.072673 -0.012495 0.097412 -0.006237 0.051213 0.011966 -0.032103 0.093367 -0.043009 -0.124490 -0.089799 0.019902 -0.056699 0.089838 0.046220 0.037527 0.168850 0.066891 -0.025834 -0.173017 -0.007344 0.018855 
-0.073472 0.054516 -0.015598 -0.185109 -0.079000 -0.067935 -0.019899 -0.029035 0.021283 -0.014137 -0.021959 0.026752 -0.055855 -0.041350 -0.101503 0.100104 0.041509 0.117040 -0.022150 -0.017978 -0.071793 -0.047948 0.091284 0.002105 -0.109839 -0.094786 0.041415 -0.029112 0.086618 0.088688 0.058399 0.093055 0.060360 0.047905 -0.113550 0.004417 -0.044720 
-0.063075 0.026894 -0.009668 -0.200366 -0.045518 -0.018615 0.002355 -0.049680 -0.007074 0.025328 -0.053061 0.052853 -0.026356 -0.034811 -0.086611 0.094373 0.080984 0.074722 -0.013407 -0.026020 -0.131021 -0.078446 0.066891 0.059686 -0.055095 -0.030378 0.032142 0.022071 0.099759 0.088842 0.060238 0.003322 0.029245 0.065232 0.002407 0.025993 -0.081410 
-0.043460 -0.026921 -0.011467 -0.189754 -0.006852 0.062377 0.006473 -0.051593 -0.029302 0.070537 -0.105226 0.082225 -0.007649 -0.014942 -0.081183 0.072472 0.059610 0.020713 0.021146 -0.000595 -0.137409 -0.054807 -0.036657 0.124398 0.010560 0.052849 -0.003669 0.094165 0.125542 0.094603 0.035411 -0.042801 0.008352 0.035857 0.108863 0.048099 -0.125302 
-0.015753 -0.081745 -0.009489 -0.148900 0.019816 0.140633 0.032126 -0.048891 -0.026125 0.094863 -0.139076 0.107798 0.001440 -0.024794 -0.055064 0.004881 -0.024911 -0.005222 0.044018 0.046596 -0.061724 0.056256 -0.149766 0.159852 0.062340 0.045302 -0.043395 0.162116 0.148191 0.078023 0.007044 -0.035944 0.003362 -0.004809 0.130708 0.043251 -0.129864 
0.021066 -0.094691 -0.006368 -0.089343 0.041237 0.154752 0.068437 -0.031263 0.002393 0.092996 -0.121637 0.101159 -0.029254 -0.057572 0.001694 -0.084551 -0.073605 -0.009509 0.004050 0.083990 0.060594 0.188545 -0.144474 0.040606 0.075671 -0.028289 -0.066212 0.148153 0.140982 0.051777 -0.007374 -0.004488 -0.007511 0.029815 0.019235 -0.006384 -0.054593 
0.037979 -0.078376 -0.000590 -0.036181 0.025843 0.093643 0.095504 -0.018691 0.045667 0.074910 -0.092002 0.034770 -0.022302 -0.121963 0.076116 -0.136001 -0.043818 -0.044371 -0.066871 0.114726 0.172382 0.249547 -0.060189 -0.140459 0.009832 -0.049110 -0.012381 0.080243 0.061159 0.048097 -0.003687 0.017483 -0.042269 0.037925 -0.059000 -0.110401 -0.000665 
0.050797 -0.067721 0.001439 0.004969 0.001850 0.007630 0.080361 -0.024456 0.052801 0.029168 -0.019438 -0.036237 -0.007202 -0.158100 0.131176 -0.155249 0.040264 -0.068970 -0.096724 0.103246 0.147540 0.123873 0.045574 -0.204026 -0.026608 -0.000402 0.026669 0.024205 0.011159 0.032559 0.026011 0.021095 -0.095759 -0.008291 -0.038620 -0.166774 -0.024282 
0.057607 -0.067598 0.012044 0.060893 -0.024192 -0.067879 0.036361 -0.019756 0.039878 -0.032993 0.067528 -0.092523 0.005313 -0.155150 0.143254 -0.135138 0.110937 -0.056380 -0.070006 0.047687 0.055243 -0.000879 0.153485 -0.136250 -0.063552 0.034355 0.044684 -0.019785 0.000017 0.036330 0.042990 0.000389 -0.109626 -0.074465 0.007603 -0.113121 -0.098938 
0.053497 -0.051648 0.033067 0.131864 -0.029960 -0.111759 -0.004872 -0.006378 0.036235 -0.057197 0.119869 -0.147842 0.022264 -0.112456 0.108907 -0.070007 0.102712 0.008280 -0.033354 -0.026775 -0.044794 -0.061036 0.152587 -0.030181 -0.069889 0.029923 0.044096 -0.026943 0.030140 0.066085 0.066373 -0.002034 -0.082153 -0.113751 -0.000088 -0.028819 -0.150413 
0.042933 -0.017125 0.044853 0.182400 -0.000072 -0.113731 -0.036517 0.018312 0.025200 -0.072495 0.138090 -0.171286 0.001172 -0.038853 0.057920 -0.009302 0.034238 0.051836 -0.020975 -0.083490 -0.067603 -0.030629 0.121621 0.103900 -0.034126 -0.020387 0.030049 -0.043252 0.081188 0.058602 0.067098 0.019579 -0.017903 -0.127057 0.006233 0.097719 -0.151846 
0.017261 0.046350 0.031864 0.197186 0.030905 -0.070221 -0.038174 0.019882 0.006546 -0.053006 0.122161 -0.147772 -0.018471 0.020452 0.017228 0.014267 -0.080713 0.039922 0.004050 -0.070050 -0.049204 0.010308 0.007447 0.147415 0.037633 -0.071530 -0.006996 -0.031380 0.122166 0.036491 0.042625 0.042016 0.047374 -0.104760 -0.000327 0.138211 -0.094231 
-0.005814 0.098623 0.015133 0.190842 0.057946 -0.008126 -0.026993 0.019710 -0.013946 -0.013620 0.087504 -0.104697 -0.023400 0.080937 0.000796 0.025019 -0.150720 0.027634 0.034113 -0.025071 -0.026263 0.074453 -0.072082 0.111532 0.061147 -0.050224 -0.042560 0.029318 0.106384 0.028560 -0.016819 0.068135 0.098470 -0.051326 -0.004246 0.112971 -0.010394 
-0.016186 0.124978 0.012872 0.165823 0.083084 0.036034 -0.003489 0.017105 -0.043815 0.016472 0.067964 -0.057956 -0.003267 0.120093 0.003306 0.038382 -0.137684 0.018951 0.048844 0.012933 -0.003244 0.089966 -0.108171 0.022367 0.034131 0.001110 -0.046505 0.047933 0.036586 0.028348 -0.046205 0.065046 0.129822 -0.009769 0.029570 0.025953 0.052787 
-0.019031 0.137971 0.029153 0.144685 0.111573 0.064349 0.007628 0.011117 -0.079937 0.057011 0.026601 -0.031439 0.013544 0.100789 0.005986 0.061302 -0.076167 0.007322 0.040783 0.030682 -0.023645 0.019262 -0.093153 -0.046550 -0.023436 0.022022 -0.026442 0.017458 -0.006561 0.078531 -0.043672 0.050323 0.158015 0.071322 0.046816 -0.058440 0.043987 
-0.023301 0.153876 0.041803 0.136904 0.141749 0.093742 0.019407 0.007911 -0.113533 0.090959 -0.013363 -0.044400 0.016049 0.070022 0.006241 0.087817 -0.014658 0.012677 0.048027 0.046123 -0.035372 -0.080143 -0.069210 -0.097978 -0.072442 0.034805 -0.018572 0.027502 0.010813 0.137347 -0.025586 0.043394 0.154821 0.139566 -0.000050 -0.121143 0.075634 
-0.071231 -0.030263 0.017790 0.017610 -0.092256 -0.044084 -0.001989 0.154933 0.048619 -0.128759 0.073566 0.023952 -0.006416 0.076476 -0.079944 -0.107839 0.053734 -0.158240 -0.042130 0.131036 -0.023211 0.014474 0.071757 -0.024435 0.090289 0.127517 -0.001016 0.021086 -0.001459 -0.016147 0.010902 0.132471 0.037821 -0.071803 0.157166 0.115489 0.117150 
-0.062390 -0.045437 0.025417 0.044204 -0.065305 0.008387 0.001414 0.142401 0.071229 -0.022411 0.116225 0.036681 0.152309 0.110824 -0.079877 -0.105472 0.017360 -0.170907 -0.038403 0.174308 -0.114408 0.002433 0.071002 -0.071381 0.120613 -0.075726 -0.023889 0.028245 0.049517 0.022828 -0.032016 0.002293 -0.005811 0.038176 0.062227 0.019754 0.036804 
-0.035834 -0.052903 0.021359 0.027972 -0.045646 0.018242 -0.021768 0.161612 0.059879 0.014218 0.102357 0.053032 0.241783 0.034597 0.003956 -0.031153 -0.057362 -0.118887 0.003155 0.148689 -0.044486 -0.016150 0.085150 -0.026853 0.132721 -0.077588 -0.023198 0.022479 0.052443 0.005610 -0.025254 -0.043730 -0.017499 0.066759 -0.003578 -0.022283 -0.024697 
-0.008323 -0.053809 0.009567 0.005948 -0.020347 0.012679 -0.040958 0.187520 0.033675 -0.006486 0.073227 0.045235 0.276399 -0.063261 0.097783 0.048094 -0.126057 -0.045347 0.040969 0.095965 0.043681 -0.033840 0.086805 0.055376 0.160153 -0.015361 -0.021219 0.031790 0.044726 -0.026556 0.012409 -0.026104 -0.024271 0.050641 -0.031507 -0.031460 -0.026773 
0.022107 -0.057654 0.006301 -0.009610 0.001173 0.011915 -0.056275 0.188336 0.009478 -0.016204 0.039373 0.020497 0.262164 -0.174628 0.176954 0.084578 -0.172614 0.074747 0.065220 0.043471 0.093319 -0.063648 0.019772 0.115151 0.191761 0.001833 -0.046877 0.053227 0.057305 -0.047516 0.066654 0.015253 -0.059882 0.023711 -0.112670 -0.058181 0.012785 
-0.002275 -0.062426 0.015183 0.030086 0.054351 0.048933 -0.062369 -0.110141 0.065613 0.066695 0.011349 0.001711 -0.213258 0.088552 -0.099898 -0.223646 0.168490 -0.019273 -0.065918 -0.036814 -0.079448 -0.035437 -0.090809 -0.084962 0.134204 0.104007 -0.092342 0.050346 0.028305 -0.099283 -0.005591 0.023656 -0.112852 -0.031822 0.046701 0.035123 -0.011823 
0.003325 -0.033876 0.008520 0.019027 0.084825 0.050079 -0.102512 -0.093992 0.033287 0.068538 -0.013665 -0.019936 -0.239508 0.043448 -0.055895 -0.109917 0.090863 -0.051385 -0.078852 0.036656 -0.063186 -0.059752 -0.047841 -0.099410 0.092521 0.069765 -0.099146 0.040457 0.050672 -0.099517 -0.014947 0.016173 -0.121386 -0.069423 -0.030937 0.044724 0.011903 
0.019006 -0.008579 -0.005611 0.000172 0.113037 0.041930 -0.137910 -0.065890 0.002495 0.052796 -0.039292 -0.032407 -0.213640 -0.014790 0.004586 0.017338 0.014369 -0.096076 -0.082164 0.066461 -0.018999 -0.060046 0.023773 -0.047397 0.050616 0.076955 -0.076743 0.011091 0.061646 -0.096294 -0.015574 -0.015620 -0.105454 -0.088978 -0.036502 0.071458 -0.005206 
0.031748 0.025319 -0.015896 -0.017585 0.131036 0.045063 -0.153005 -0.051139 -0.036157 0.061060 -0.074423 -0.016835 -0.140311 -0.062091 0.050220 0.108445 -0.057882 -0.090857 -0.077681 0.086232 0.029122 -0.065318 0.067831 0.007923 -0.055568 0.029110 -0.041083 -0.049608 0.039651 -0.059041 -0.032420 -0.016579 -0.049652 -0.047986 -0.043223 0.005446 -0.024649 
0.020303 0.078019 -0.002430 0.000990 0.137217 0.071786 -0.117239 -0.075809 -0.035415 0.133282 -0.069582 -0.005301 -0.005524 -0.073332 0.015786 0.102768 -0.048805 -0.035782 -0.035814 0.085056 0.013594 -0.046817 0.055462 -0.041134 -0.166166 -0.108565 -0.015121 -0.104160 0.026725 0.080863 -0.046005 -0.017517 0.034605 0.109467 -0.120725 -0.158201 -0.054052 
0.023398 -0.058737 -0.001123 0.007952 0.013540 0.019740 -0.035614 0.013815 0.004564 -0.002063 0.009635 0.045105 0.012219 -0.019400 0.024499 -0.050339 0.013252 0.066983 0.006197 -0.055750 -0.012840 0.049161 -0.004492 0.069941 -0.044514 0.010057 -0.035527 0.004160 -0.020590 -0.040846 -0.012690 -0.061327 -0.031513 -0.012720 -0.023727 0.008707 0.026278 
0.022283 -0.048765 -0.006099 0.002553 0.003739 0.015181 -0.026720 0.013373 0.005153 -0.005773 0.005799 0.042874 0.006531 -0.025422 0.031112 -0.050094 0.017373 0.041630 0.017739 -0.052575 -0.021565 0.100717 0.001794 0.088203 -0.070662 -0.029116 -0.042084 -0.001770 -0.042004 -0.041021 -0.040967 -0.074703 -0.009845 -0.016662 -0.043428 0.020588 0.019948 
0.023874 -0.044810 -0.011242 -0.002615 -0.004228 0.010729 -0.016057 0.010708 0.006534 -0.013437 0.003187 0.040750 0.001160 -0.024796 0.036302 -0.048585 0.017533 0.022370 0.026705 -0.052542 -0.027263 0.147847 0.008129 0.102979 -0.095648 -0.069830 -0.047455 -0.007782 -0.063435 -0.050066 -0.070197 -0.091356 0.005619 -0.027889 -0.067101 0.032465 0.024292 
0.027212 -0.043542 -0.016947 -0.007900 -0.011956 0.007281 -0.003025 0.006881 0.007495 -0.019150 -0.002383 0.038233 -0.000976 -0.020915 0.044320 -0.043282 0.013535 0.011024 0.033715 -0.048935 -0.035833 0.186454 0.015640 0.120155 -0.116311 -0.113685 -0.052399 -0.001254 -0.085923 -0.064823 -0.101660 -0.098091 0.018140 -0.041133 -0.095337 0.042124 0.027906 
-0.002427 -0.025704 0.036051 -0.008584 0.009301 -0.001293 0.047927 0.033103 -0.000803 -0.003634 0.016121 -0.038039 -0.041303 0.008216 0.030165 -0.050993 0.025158 -0.040537 -0.032990 -0.104043 -0.036952 0.076207 -0.073718 0.157529 -0.078511 -0.159364 -0.035286 -0.051586 0.057838 -0.038242 0.005253 -0.061498 0.031720 -0.021810 -0.007926 0.013017 -0.040059 
0.006783 -0.024000 0.012899 -0.004463 0.002490 -0.002876 0.032877 0.016148 0.003768 -0.015451 0.000495 -0.017675 -0.020879 -0.002561 0.027299 -0.033739 0.015409 -0.017264 -0.010280 -0.078302 -0.036703 0.091663 -0.042719 0.127634 -0.067876 -0.124472 -0.025965 -0.029849 0.005235 -0.036741 -0.019713 -0.056724 0.028829 -0.019844 -0.020789 0.025093 -0.021141 
0.015384 -0.018274 -0.013196 -0.005863 -0.013596 -0.002750 0.013770 -0.005714 -0.000523 -0.020485 -0.013052 0.013256 -0.001686 -0.004408 0.025566 -0.029249 0.011476 0.016402 0.027975 -0.044993 -0.039892 0.089585 0.010778 0.091553 -0.066251 -0.071172 -0.023785 0.007986 -0.063670 -0.040108 -0.063709 -0.044858 0.018774 -0.009690 -0.033027 0.027237 0.005859 
0.021216 -0.014515 -0.033350 -0.006359 -0.028203 -0.003159 -0.004342 -0.026406 -0.009508 -0.021129 -0.021598 0.037728 0.020625 -0.004691 0.021161 -0.023529 0.003412 0.046100 0.061858 -0.011619 -0.044256 0.075872 0.053531 0.060153 -0.067347 -0.008476 -0.016601 0.049072 -0.123424 -0.037269 -0.095538 -0.028874 0.008698 -0.006861 -0.024798 0.022934 0.036699 
0.025666 -0.004799 -0.049534 -0.006411 -0.036781 -0.005779 -0.012744 -0.048591 -0.017107 -0.024551 -0.030493 0.053605 0.039920 -0.005729 0.006106 -0.010617 -0.006355 0.066955 0.082863 0.018774 -0.045870 0.071484 0.072612 0.037556 -0.062649 0.043168 -0.004133 0.080942 -0.173599 -0.031860 -0.105047 -0.010698 0.005467 -0.008818 -0.004516 0.020046 0.069805 
-0.022007 -0.040557 0.001202 0.011715 -0.077814 -0.020468 -0.010394 0.148178 -0.014142 -0.085778 0.009390 -0.030742 -0.062597 0.014092 0.073766 -0.034154 0.029883 -0.005010 -0.020404 -0.094450 -0.034785 -0.011984 -0.133802 -0.060854 -0.094261 0.133272 -0.020281 -0.018269 0.039104 0.038981 0.010750 -0.007365 0.008888 -0.019511 0.005850 0.012532 0.052650 
-0.015220 -0.039358 -0.004552 0.019636 -0.049183 -0.006831 -0.020072 0.137819 -0.009395 -0.068917 -0.006093 -0.010015 -0.023960 0.014957 0.070688 -0.044500 0.023520 0.022045 -0.018175 -0.104541 -0.053677 -0.020470 -0.141757 -0.058691 -0.106795 0.125047 -0.024092 -0.027508 0.022774 0.034670 -0.000492 -0.020431 0.014684 0.021829 -0.006513 -0.026416 0.051803 
-0.012511 -0.035511 0.006581 -0.004514 -0.017277 0.001999 -0.025148 0.108281 -0.003725 -0.055159 -0.019472 -0.007652 -0.006987 0.019490 0.063080 -0.023951 0.033034 0.030584 -0.078054 -0.135157 -0.065675 0.018016 -0.132116 -0.061016 -0.068180 0.046273 0.011292 -0.097050 -0.009946 0.023802 0.003928 -0.044036 0.024301 0.065946 0.045591 -0.033643 0.017624 
-0.008250 -0.018397 -0.002864 -0.026425 -0.007288 -0.010331 -0.036858 0.079577 0.011897 -0.050141 -0.040627 0.014860 0.020952 0.006596 0.049850 -0.028016 0.036903 0.010606 -0.065319 -0.118093 -0.065061 0.027059 -0.101991 -0.061775 -0.064335 0.025164 0.026511 -0.142032 -0.072676 0.005695 -0.023473 -0.042019 0.061795 0.085829 0.071417 -0.052377 -0.042747 
-0.013126 -0.024749 0.001042 -0.010928 -0.023927 -0.008942 -0.024114 0.115699 -0.008033 -0.062838 -0.016838 -0.011782 -0.013525 0.002997 0.072883 -0.036280 0.033521 0.004585 -0.058828 -0.111283 -0.056116 0.004716 -0.135132 -0.060252 -0.052882 0.068255 0.001675 -0.092176 -0.022782 0.019878 0.006581 -0.013095 0.032878 0.045831 0.065399 -0.045012 -0.001645 
-0.019681 -0.028115 -0.007692 0.016834 -0.058714 -0.019643 -0.015609 0.138102 -0.012975 -0.076576 0.007502 -0.021856 -0.037433 -0.007748 0.071217 -0.053124 0.031670 0.001552 0.016018 -0.084029 -0.047619 -0.035422 -0.146075 -0.057992 -0.094450 0.141231 -0.039063 -0.017437 0.026208 0.045642 0.011876 0.007541 0.022654 -0.005689 -0.008972 -0.032828 0.038562 
-0.006329 0.004654 0.013587 0.035469 0.031975 0.031335 -0.032252 -0.044137 -0.023944 0.042547 0.045504 0.041345 -0.003469 -0.044656 -0.071874 -0.044434 0.050932 0.098873 0.035376 0.029606 0.088386 -0.021944 0.058303 0.048976 0.040004 0.083348 -0.002175 0.041995 0.024779 0.027899 0.087185 0.039622 -0.051284 -0.020637 0.017158 0.014726 0.092823 
0.004107 0.004989 0.005030 0.020314 0.042721 0.025443 -0.062325 -0.059159 -0.007684 0.039507 0.015577 0.069727 0.029864 -0.065612 -0.071569 -0.045258 0.068308 0.105808 0.054238 0.032841 0.102867 -0.026647 0.087941 0.042876 0.026977 0.074686 0.014361 -0.024729 -0.035769 0.015155 0.056899 0.033038 -0.020236 0.008665 0.029012 0.002918 0.021601 
0.002360 0.013364 0.013966 -0.000455 0.074546 0.031846 -0.065975 -0.089543 -0.001838 0.048290 -0.002421 0.066981 0.036472 -0.069331 -0.081114 -0.038398 0.077282 0.101897 -0.002888 0.019689 0.087498 0.009837 0.091128 0.047753 0.054850 0.010036 0.046293 -0.075321 -0.066967 0.001120 0.061246 0.026649 -0.006744 0.030323 0.096107 -0.004277 -0.008547 
0.006439 0.035015 0.006975 0.001360 0.096910 0.035249 -0.067803 -0.112212 0.000677 0.064903 -0.020291 0.073490 0.055274 -0.066012 -0.098335 -0.040689 0.065720 0.096818 -0.013199 0.022973 0.068280 0.001620 0.093489 0.041533 0.038911 -0.041033 0.055515 -0.108989 -0.072224 0.009554 0.047299 0.012918 0.016064 0.072196 0.088363 -0.030468 -0.020663 
-0.001090 0.026317 0.010543 -0.007830 0.081213 0.036243 -0.058790 -0.093629 0.003362 0.055458 -0.017923 0.065170 0.045006 -0.059644 -0.067450 -0.048885 0.066206 0.097624 -0.044100 0.012470 0.082293 0.018450 0.089501 0.046180 0.069600 -0.019560 0.061157 -0.084154 -0.071547 -0.012615 0.050546 0.039228 -0.002633 0.068907 0.121819 -0.029954 -0.013657 
-0.003275 0.016200 0.004533 0.018269 0.047922 0.033942 -0.054115 -0.065090 -0.002473 0.047732 0.009911 0.056327 0.030519 -0.058113 -0.058706 -0.057307 0.061265 0.097942 0.009446 0.033254 0.093624 -0.014808 0.081605 0.038418 0.041770 0.041090 0.025790 -0.018648 -0.024465 0.012457 0.053902 0.054118 -0.023276 0.034011 0.053529 -0.024668 0.018322 
-0.001219 0.022660 0.142365 -0.087282 0.044384 -0.041039 0.128402 0.085085 -0.076789 0.104161 0.037996 -0.033015 -0.103962 0.073002 0.001610 0.029797 -0.016903 -0.060419 0.052859 -0.108746 -0.013579 0.008922 0.109748 0.025836 0.029410 0.056524 -0.072297 0.066854 -0.037545 -0.048785 0.042013 -0.037948 0.033687 0.047075 0.051319 0.022650 0.030505 
0.013533 0.020408 0.104402 -0.056648 0.007297 0.008062 0.082402 0.046837 -0.044142 0.062566 0.006366 -0.056260 -0.043383 0.079972 -0.011874 0.028828 -0.027065 -0.051818 0.027247 -0.074598 0.098856 -0.033510 0.089458 0.040359 -0.018588 -0.042241 -0.015820 0.001202 0.007358 -0.049262 -0.005626 -0.045337 0.004261 0.049920 -0.007407 0.023130 0.057358 
0.014992 0.003771 0.028026 -0.028855 0.005127 -0.008468 0.056512 0.016224 -0.020734 0.017707 -0.011994 -0.027086 -0.015469 0.092056 -0.010283 0.003681 -0.008687 -0.024934 0.003907 -0.068871 0.132151 -0.050428 0.029171 0.082860 -0.017832 -0.075648 0.025053 -0.053846 -0.007189 -0.105602 -0.019344 -0.014249 0.016956 0.007960 0.007945 0.023303 0.004016 
0.010436 -0.002519 -0.007685 -0.007316 -0.016648 -0.017467 0.038401 -0.016861 -0.005220 -0.011089 -0.007543 0.004845 0.004962 0.043108 -0.012702 0.032525 -0.014312 -0.010984 0.029232 -0.031925 0.024615 -0.009268 -0.016793 -0.005872 0.003475 -0.014322 0.022686 -0.022127 -0.056564 -0.035585 -0.009958 -0.025070 0.026374 0.009796 -0.004759 0.015986 0.000718 
0.007253 0.000637 -0.057770 0.016422 -0.049541 -0.019184 0.015391 -0.047746 -0.000023 -0.040947 -0.011883 0.034880 0.030231 -0.001869 0.003268 0.075522 -0.027081 0.002932 0.057737 0.014742 -0.113739 0.025515 -0.063209 -0.080807 0.021602 0.044476 0.012969 0.047738 -0.104563 0.029086 -0.022680 -0.046203 0.021831 0.015788 -0.028966 0.023583 -0.002098 
-0.004791 0.014085 -0.117439 0.039549 -0.050785 -0.040601 0.005404 -0.092307 0.017004 -0.083550 -0.028261 0.044048 0.051260 -0.033240 -0.015196 0.074542 -0.003857 -0.016674 0.029023 0.073318 -0.100697 0.020365 -0.094180 -0.038352 0.028686 0.031184 0.059883 0.025435 -0.095723 0.015338 0.001964 -0.034622 0.007436 -0.061264 0.013951 0.049864 -0.006268 
-0.003365 0.047508 -0.146829 0.060853 -0.078193 -0.013261 -0.024259 -0.135735 0.036240 -0.108807 -0.056833 0.013518 0.095314 -0.034711 -0.030543 0.040763 -0.007760 -0.006447 -0.018860 0.102964 -0.008253 -0.026414 -0.094051 0.040999 -0.022232 -0.023319 0.119590 -0.001329 -0.027825 0.023995 -0.020695 0.017427 -0.022741 -0.073943 0.062267 0.034633 -0.016419 
-0.008573 0.024985 -0.116857 0.036990 -0.058289 -0.046454 0.023736 -0.113567 0.015641 -0.074059 -0.028404 0.024016 0.053614 -0.029281 -0.026195 0.095103 -0.008592 -0.021641 -0.000512 0.071764 -0.069860 -0.028674 -0.075785 -0.096171 0.054409 0.041129 0.087436 0.022626 -0.069736 0.042907 0.014971 -0.018583 -0.042154 -0.063368 0.009886 0.015471 0.022489 
0.007275 0.018079 -0.063020 0.011200 -0.054577 -0.038603 0.048856 -0.073709 0.005724 -0.031009 -0.021229 0.007655 0.036298 0.001352 -0.005557 0.109001 -0.025346 -0.015898 0.029602 0.025460 -0.064480 -0.061127 -0.054923 -0.188170 0.084653 0.050441 0.044506 0.030496 -0.082976 0.043585 -0.001502 -0.035318 -0.047852 0.012395 -0.062287 -0.024409 0.035376 
0.013352 0.014729 -0.007575 -0.012107 -0.028230 -0.024632 0.071202 -0.037878 -0.006829 -0.006867 -0.017351 -0.025806 0.009930 0.048896 -0.016484 0.071457 -0.015333 -0.036530 0.004575 -0.019999 0.073473 -0.100051 -0.019511 -0.111904 0.065563 -0.001544 0.048904 -0.033218 -0.030681 -0.014963 0.006957 -0.022297 -0.048598 0.003922 -0.030169 -0.027941 0.046744 
0.021228 0.021531 0.033686 -0.033741 -0.014260 -0.012842 0.091266 -0.003597 -0.020077 0.017914 -0.019668 -0.061442 -0.011423 0.099009 -0.013604 0.040134 -0.018690 -0.063276 -0.017117 -0.067063 0.183208 -0.139305 0.031187 -0.044702 0.044677 -0.037246 0.055011 -0.060918 0.011990 -0.071978 -0.003104 -0.008572 -0.047086 0.017709 0.000049 -0.026692 0.039161 
0.023157 0.031910 0.110145 -0.062527 -0.004727 0.001089 0.107732 0.038864 -0.047154 0.063755 0.001899 -0.074347 -0.045855 0.089069 -0.013314 0.050076 -0.019149 -0.087847 0.018633 -0.075230 0.129021 -0.091471 0.089518 -0.029823 0.037806 -0.007310 0.000078 -0.002957 0.004662 -0.033788 0.007923 -0.026150 -0.016517 0.059494 0.015972 0.003043 0.042070 
-0.006225 0.032581 0.148969 -0.083549 0.047675 -0.051736 0.135130 0.075219 -0.067549 0.115520 0.035708 -0.038574 -0.086437 0.067220 -0.007456 0.041090 -0.001710 -0.058044 0.047576 -0.065438 0.000392 0.019981 0.098563 0.024465 0.028409 0.065029 -0.063008 0.085844 -0.074542 -0.063133 0.056923 -0.010428 0.026438 0.006775 0.058321 -0.000430 0.040588 
0.015275 0.001088 0.029692 -0.030405 0.003603 -0.007423 0.073581 0.008952 -0.021321 0.017248 -0.015900 -0.042726 -0.011201 0.098890 0.013132 0.030223 -0.034404 -0.023697 -0.008130 -0.075919 0.127304 -0.092021 0.027140 0.065185 -0.007206 -0.051963 0.034313 -0.015923 0.011734 -0.107629 -0.011481 -0.004898 -0.001513 0.007088 0.015001 -0.004784 0.005041 
0.012995 -0.002980 -0.008626 -0.009007 -0.018506 -0.018585 0.047953 -0.025753 -0.006964 -0.008537 -0.010128 -0.002597 0.005531 0.047119 -0.008791 0.037838 -0.019336 0.000056 0.025394 -0.035049 0.027610 -0.037423 -0.019939 -0.014238 0.016720 -0.018840 0.027929 -0.011592 -0.046476 -0.038449 -0.003991 -0.019001 0.011640 0.011941 -0.010153 0.008219 0.006837 
0.012378 0.002353 -0.061200 0.012740 -0.052171 -0.028118 0.023761 -0.059875 -0.000017 -0.037837 -0.013776 0.024057 0.027116 0.011400 -0.013012 0.069572 -0.029228 0.016345 0.059834 0.026407 -0.112945 -0.004726 -0.062110 -0.092238 0.049318 0.007694 0.015994 0.048542 -0.110011 0.023622 -0.022466 -0.009068 0.016434 0.016741 -0.039580 0.019936 -0.007384 
-0.007916 0.051006 -0.152115 0.057088 -0.087812 -0.000243 -0.026073 -0.121385 0.022859 -0.120422 -0.050653 0.021059 0.073722 -0.031793 -0.024187 0.026842 -0.014648 -0.030328 -0.008448 0.101244 -0.007343 -0.021139 -0.087590 0.024100 -0.029188 -0.029208 0.103727 -0.013651 -0.009620 0.034239 -0.043378 -0.002992 -0.027655 -0.062003 0.044162 0.044422 0.005537 
0.015342 0.001399 -0.062009 0.012878 -0.053949 -0.031484 0.039656 -0.071050 -0.000346 -0.033745 -0.015047 0.012358 0.034531 0.017549 -0.008797 0.095455 -0.029322 0.022344 0.050013 0.018647 -0.108720 -0.043993 -0.056393 -0.122331 0.071013 0.033435 0.014429 0.073987 -0.089443 0.026967 -0.023112 -0.016462 -0.042647 -0.009175 -0.066997 -0.003154 0.021535 
0.018772 -0.001488 -0.005824 -0.011615 -0.023647 -0.019794 0.059948 -0.036322 -0.009388 -0.006903 -0.015207 -0.018451 0.009268 0.054280 -0.013780 0.059607 -0.017848 -0.001463 0.015693 -0.032582 0.037378 -0.081900 -0.019385 -0.051949 0.041667 -0.011262 0.025910 -0.004682 -0.032185 -0.030907 -0.008824 -0.019931 -0.045477 -0.013202 -0.036854 -0.013327 0.037364 
0.024665 0.003345 0.037096 -0.033599 -0.005384 -0.008635 0.083526 -0.001952 -0.023070 0.019766 -0.016599 -0.054868 -0.008619 0.106782 0.002052 0.040726 -0.027396 -0.022154 -0.013862 -0.070292 0.144734 -0.139438 0.018283 0.029978 0.020493 -0.053932 0.028748 -0.020298 0.019156 -0.103416 -0.012402 0.004459 -0.049939 -0.018050 -0.008296 -0.026977 0.025987 
-0.051559 0.084031 -0.044607 0.016786 0.108600 0.113169 -0.038577 0.094523 0.167285 -0.131385 0.321230 0.018749 -0.120690 -0.042477 -0.086019 0.188803 0.255359 -0.119550 0.051650 0.082215 0.146235 0.182936 -0.046388 0.072146 0.015740 0.022901 -0.110484 -0.100972 -0.184413 0.097060 0.043577 0.008561 -0.054759 0.152511 -0.060834 0.127726 0.012211 
-0.040442 0.013626 -0.033519 0.015276 0.098891 0.151759 -0.067904 0.086716 0.127658 -0.064098 0.219779 0.083938 -0.099750 -0.051085 -0.046798 0.171122 0.142117 -0.089444 0.042631 -0.038543 0.046673 0.010102 -0.021649 0.051427 -0.021727 0.024815 -0.026851 -0.020092 -0.113195 0.071376 -0.019852 0.015758 -0.043241 0.081353 0.011352 -0.062611 0.027646 
-0.035928 -0.057477 -0.021761 0.021414 0.072303 0.186934 -0.096048 0.098791 0.104115 0.013267 0.120615 0.146902 -0.052069 -0.011360 -0.011395 0.117255 -0.017887 -0.067679 0.014698 -0.103722 -0.059106 -0.155189 -0.020227 0.046989 -0.025917 0.006671 0.036145 0.027410 -0.052546 0.010560 -0.071708 0.072940 -0.045077 0.003835 0.070438 -0.200327 -0.006271 
-0.032799 -0.120995 -0.013140 0.032503 0.033872 0.209362 -0.106836 0.119478 0.101898 0.065198 0.042287 0.184630 -0.019572 0.010079 -0.010832 0.030797 -0.123479 -0.023829 -0.022072 -0.119410 -0.082390 -0.177616 -0.012940 -0.012227 -0.038735 -0.019622 0.057763 0.010873 0.024636 -0.028358 -0.035065 0.007688 -0.073046 -0.002440 0.034195 -0.014488 0.012215 
-0.041283 -0.157687 -0.007851 0.039005 -0.020185 0.173616 -0.087205 0.134760 0.102828 0.107746 -0.009000 0.157220 0.011123 0.040685 -0.031120 -0.049497 -0.162743 0.091584 -0.072076 -0.079832 -0.057807 -0.125645 0.038005 -0.041874 -0.062267 -0.024479 0.058183 0.014383 0.014829 -0.070267 0.052413 0.049711 -0.040147 -0.153565 -0.044917 0.116042 0.081622 
-0.058853 -0.160419 -0.013068 0.035789 -0.066113 0.101536 -0.060215 0.148806 0.094107 0.120495 -0.053181 0.073483 0.008459 0.049331 -0.048166 -0.092684 -0.089194 0.176171 -0.097482 0.004903 -0.007115 -0.025880 0.083354 -0.110036 -0.082076 -0.049684 0.040954 -0.026372 -0.007898 -0.104925 0.003716 0.039627 0.085336 -0.137399 -0.005574 0.161992 0.035587 
-0.079712 -0.137676 -0.038386 0.018660 -0.098507 -0.002990 -0.051909 0.144793 0.063433 0.116053 -0.089440 -0.012926 0.015476 0.047260 -0.025085 -0.051817 0.059392 0.190834 -0.049990 0.076689 0.053993 0.083076 0.040575 -0.174176 -0.081857 -0.017875 0.001820 -0.041136 0.025192 -0.041116 -0.048291 0.013896 0.199710 0.032011 0.060800 0.040512 -0.047569 
-0.099150 -0.098123 -0.069294 0.016810 -0.119569 -0.097640 -0.032708 0.127540 0.039433 0.088327 -0.104590 -0.104292 0.006129 0.039236 0.000187 0.048154 0.182167 0.106323 0.042165 0.099769 0.106136 0.093494 -0.018539 -0.098228 -0.058058 -0.001324 -0.040545 0.031756 0.145303 -0.006078 -0.009320 -0.053402 0.131709 0.052702 0.126990 0.010147 -0.048693 
-0.109009 -0.072452 -0.083131 0.021401 -0.132470 -0.140640 -0.017622 0.112999 0.019108 0.068695 -0.108845 -0.138602 -0.008098 0.025316 -0.015251 0.109623 0.224013 0.032340 0.112638 0.061321 0.086035 0.038971 -0.031836 0.012920 -0.049532 0.019999 -0.088653 0.071717 0.107480 -0.052550 0.037567 -0.078837 -0.012348 0.128257 0.015494 -0.054186 0.100915 
-0.122521 -0.039298 -0.071711 0.012412 -0.157092 -0.118820 -0.008268 0.094610 0.012587 0.080557 -0.107116 -0.116532 -0.003370 0.019385 -0.057841 0.120448 0.171829 -0.018002 0.126691 0.014771 0.001830 0.034035 -0.031931 0.112283 0.045759 0.000491 -0.071418 0.076520 0.023282 -0.077232 0.054444 -0.088051 -0.071534 0.042448 0.027088 -0.117717 0.026305 
-0.133494 0.024067 -0.054208 0.003400 -0.167366 -0.060348 0.037319 0.080528 0.023881 0.114452 -0.114410 -0.093084 -0.013097 -0.033639 -0.104891 0.062531 0.061636 -0.079767 0.068703 -0.050274 -0.071786 0.032713 0.028213 0.132313 0.127697 -0.020504 -0.000438 0.027140 -0.110391 -0.058096 0.021883 -0.008636 -0.159332 0.023434 -0.005538 -0.096866 -0.061029 
-0.118287 0.078874 -0.046480 0.004700 -0.150078 0.016069 0.115432 0.040297 0.046326 0.123738 -0.101659 -0.056931 -0.031676 -0.059701 -0.084978 0.012792 -0.073675 -0.120804 0.026316 -0.085986 -0.062821 0.057655 0.035687 0.089683 0.131354 -0.007623 0.055497 -0.036644 -0.072673 0.019825 0.114672 0.101713 -0.127364 -0.028637 -0.036567 -0.070447 -0.121800 
-0.089043 0.109553 -0.049862 -0.008899 -0.128989 0.069709 0.196069 -0.004422 0.069333 0.122950 -0.083505 -0.021818 -0.051646 -0.065370 0.001307 -0.009940 -0.164488 -0.143029 0.002854 -0.076956 -0.037820 0.040996 -0.000262 0.021749 0.016690 0.018923 0.060778 -0.127707 -0.013085 0.096984 0.089779 0.110319 -0.102475 -0.120011 -0.104259 0.041054 -0.070880 
-0.047042 0.101430 -0.058854 -0.032466 -0.097747 0.106006 0.258288 -0.047575 0.073008 0.090011 -0.048590 -0.006186 -0.055795 -0.048609 0.097216 -0.039546 -0.146247 -0.131989 -0.006322 -0.008753 -0.016910 0.025225 -0.004928 -0.013160 -0.088272 0.070708 0.012702 -0.181038 -0.020213 0.110750 0.021766 0.032637 -0.004818 -0.002404 -0.044466 0.123338 0.018490 
-0.001466 0.051386 -0.056440 -0.041817 -0.052091 0.111596 0.272548 -0.079028 0.084096 0.036512 0.019846 -0.018989 -0.048775 -0.014816 0.160593 -0.039231 -0.053625 -0.023410 -0.033867 0.046998 -0.011994 -0.032085 0.027748 -0.002068 -0.121149 0.058372 0.004940 -0.120582 0.017925 0.097144 -0.045410 -0.079097 0.043219 0.056272 0.041612 0.085796 0.044597 
0.041184 -0.006009 -0.058813 -0.038148 -0.004535 0.106463 0.273777 -0.091334 0.108809 -0.041067 0.096539 -0.069108 -0.038131 0.045519 0.156417 -0.013734 0.042527 0.139053 -0.047531 0.110626 0.033349 -0.111748 0.006824 0.039022 -0.050943 -0.029402 -0.055888 0.035427 -0.024110 0.058366 -0.046707 -0.015620 0.061110 0.032593 0.094571 -0.022895 -0.015880 
0.076148 -0.071907 -0.060267 -0.026220 0.034468 0.092802 0.282203 -0.091061 0.162689 -0.115482 0.188653 -0.110640 -0.033774 0.099268 0.126815 0.009066 0.123298 0.317609 -0.041165 0.165354 0.078648 -0.173399 -0.034121 0.088934 0.049694 -0.094961 -0.094875 0.230918 -0.010289 -0.014854 -0.033320 0.046861 0.032719 -0.076275 0.057754 -0.024556 -0.112139 
0.067970 0.091489 -0.101310 -0.004751 -0.026608 -0.061232 -0.047517 0.126158 -0.166657 -0.021598 -0.136327 -0.059821 -0.164593 -0.210482 0.129387 -0.017784 -0.044918 0.229634 -0.119436 0.022614 0.041465 -0.041507 0.019493 0.235804 0.168744 0.244936 -0.039189 -0.098595 -0.096967 -0.014803 -0.163685 0.117574 0.023797 -0.079510 0.000614 -0.178775 0.149538 
0.060783 0.097859 -0.085907 0.047555 -0.027484 -0.047688 -0.035947 0.058927 -0.144530 0.067833 -0.017596 -0.043469 -0.091936 -0.063228 0.036391 -0.100399 0.017415 0.107221 -0.108221 0.100763 -0.095759 -0.029123 -0.036767 0.104515 0.142081 0.024692 -0.092935 -0.051126 -0.047974 0.024732 -0.058023 0.102609 -0.045078 0.007957 -0.074433 -0.025956 0.170191 
0.057148 0.109120 -0.078325 0.071477 -0.034956 -0.035407 -0.026101 -0.001726 -0.119132 0.182718 0.051571 -0.009205 0.031968 0.010413 -0.001061 -0.123519 0.039519 -0.003153 -0.092825 0.113696 -0.143164 -0.026538 -0.030211 0.028339 0.071428 -0.071554 -0.099823 -0.080803 -0.087012 -0.015445 -0.021594 0.029992 -0.020425 0.134934 -0.068339 0.094607 0.084481 
0.073110 0.096709 -0.066269 0.079782 -0.046496 -0.042528 -0.020631 -0.024566 -0.095174 0.230999 0.074051 0.026839 0.112107 0.033600 -0.004328 -0.096391 0.056025 -0.052651 -0.071730 0.070717 -0.074720 -0.030580 -0.030132 0.027649 -0.059836 -0.001365 -0.066525 -0.080313 -0.026362 -0.062834 0.041410 0.006008 -0.022837 0.069241 -0.003574 0.081727 -0.002998 
0.098224 0.070682 -0.071256 0.071775 -0.045112 -0.062469 -0.011923 -0.026544 -0.064502 0.205028 0.071787 0.060553 0.211067 0.033078 0.031833 -0.019474 0.048424 -0.064819 -0.043618 0.010276 0.078176 -0.035152 -0.017938 0.096151 -0.160406 0.078981 -0.007216 -0.027165 0.066893 -0.078531 0.121877 0.011947 0.010407 -0.003580 0.057870 -0.031301 -0.010089 
0.120297 0.020754 -0.062217 0.083531 -0.048714 -0.068861 0.001172 -0.050689 -0.074995 0.187906 0.094385 0.083630 0.180501 0.014325 -0.016910 0.054914 0.066282 -0.016459 -0.017695 -0.074526 0.135449 0.015410 -0.062323 0.048285 -0.183361 0.036866 0.051830 0.016577 0.060016 0.029239 0.045011 0.147635 -0.065410 -0.134457 -0.062969 -0.097879 0.007941 
0.128754 -0.007640 -0.052653 0.101414 -0.033517 -0.058906 -0.007304 -0.053211 -0.103977 0.211193 0.095599 0.073858 0.072512 0.042711 -0.048936 0.022804 0.059864 0.041545 -0.006128 -0.085712 0.066020 0.008703 -0.089743 -0.090591 -0.073888 -0.065080 0.036318 0.049885 -0.045181 0.029075 -0.015640 0.100446 -0.057535 -0.034737 -0.000733 0.098749 -0.071239 
0.127948 -0.031696 -0.059873 0.104590 -0.023845 -0.050657 -0.014978 -0.027742 -0.116862 0.158689 0.084608 0.033547 -0.013512 0.004005 -0.064798 0.053301 0.042277 0.050186 -0.012595 -0.072747 0.038396 0.027265 -0.089588 -0.147568 0.033650 -0.147887 0.036802 0.038402 -0.063635 0.067938 -0.042273 -0.062325 -0.024642 0.056767 -0.006319 0.133467 -0.048790 
0.126628 -0.042965 -0.081326 0.076682 0.000673 -0.045186 -0.048734 0.067691 -0.123266 0.049562 0.037276 -0.019227 -0.136443 -0.057754 -0.046920 0.158551 -0.019460 -0.024767 -0.091948 0.009220 0.044564 0.037328 -0.026553 -0.129159 0.131339 -0.122234 0.056818 0.057301 0.020516 0.076692 -0.045811 -0.128838 0.027161 -0.016489 0.034572 0.093862 -0.023767 
0.136814 -0.051904 -0.102632 0.019859 0.017750 -0.038386 -0.088216 0.163041 -0.120799 -0.035266 -0.057409 -0.040596 -0.201409 -0.153480 0.012814 0.303241 -0.124565 -0.081982 -0.193390 0.063436 0.106231 0.016013 0.115787 -0.009382 0.118035 -0.027958 0.148191 0.056846 0.070734 0.034801 -0.166053 -0.206887 0.120102 -0.136695 0.100479 0.004014 -0.112574 
0.065859 0.039239 -0.004296 0.068712 0.062514 -0.028080 -0.006019 -0.043989 0.069888 -0.004789 -0.020062 -0.010503 0.007620 0.074677 0.034967 0.041533 -0.056292 -0.056402 0.016383 -0.074583 0.053852 0.076529 -0.078631 -0.018173 -0.019559 0.192705 0.012216 0.135569 0.131946 -0.078729 0.221371 0.052345 0.019992 -0.064915 0.033865 -0.058428 0.033223 
0.057776 0.041376 0.009571 0.044386 0.016419 0.012719 -0.031904 -0.075041 0.056285 -0.009431 -0.042530 0.055021 -0.012749 0.087664 0.133353 0.066072 0.007835 -0.053513 0.045781 -0.068688 0.004667 0.058017 0.022412 -0.020454 0.016338 0.160853 -0.002879 0.081195 0.078480 -0.084456 0.143590 0.033686 0.082910 -0.053085 0.050785 -0.026040 -0.048062 
0.050955 0.045364 0.022408 0.022019 -0.034466 0.048055 -0.062232 -0.106035 0.037049 -0.008998 -0.064156 0.116951 -0.030842 0.097933 0.216499 0.076985 0.087143 -0.045884 0.079468 -0.049231 -0.043554 0.052273 0.130221 -0.029993 0.051031 0.100171 -0.024651 0.026938 0.024752 -0.084761 0.056644 0.030585 0.134681 -0.058640 0.008345 -0.003411 -0.107103 
0.045171 0.047780 0.031216 0.001807 -0.090321 0.080072 -0.096105 -0.130975 0.016120 -0.006253 -0.087646 0.179099 -0.042118 0.102941 0.302723 0.084572 0.139891 -0.052431 0.113351 -0.037770 -0.071912 0.034150 0.218773 -0.027170 0.081110 0.059547 -0.047128 -0.044904 -0.062499 -0.086179 -0.042937 0.023767 0.206561 -0.055041 -0.028292 0.019846 -0.148823 
0.021751 0.026224 0.068717 -0.016126 -0.025203 0.041049 -0.027230 -0.055576 0.042717 -0.053308 -0.037052 0.016410 0.010774 0.067598 0.082822 0.027881 0.052896 -0.002306 -0.037137 0.002919 -0.056354 0.050043 -0.029040 -0.006548 0.128056 -0.119257 0.065976 -0.079353 0.045808 -0.034258 0.033450 0.099611 0.114668 0.107167 -0.086249 -0.044484 0.105189 
0.021048 0.032013 0.062746 -0.012697 -0.044181 0.039859 -0.052087 -0.069445 0.041113 -0.043454 -0.031698 0.027949 0.006955 0.056921 0.113178 0.038199 0.063701 -0.003728 0.016803 -0.005498 -0.043696 0.037571 0.021668 -0.008736 0.100743 -0.083649 0.050192 -0.047169 0.023263 0.040604 0.057050 0.047948 0.022884 0.054728 -0.044772 -0.031371 0.129436 
0.023216 0.025864 0.053106 -0.008429 -0.061547 0.043763 -0.065926 -0.079034 0.040569 -0.041506 -0.035232 0.044845 0.001294 0.040437 0.136351 0.045423 0.075927 0.005706 0.057189 -0.002310 -0.037000 0.023360 0.052967 -0.009269 0.074857 -0.074941 0.031618 -0.012013 0.038599 0.041515 0.052440 -0.014054 -0.077772 -0.016716 -0.008520 0.056074 0.125891 
0.024397 0.015946 0.070144 -0.007224 -0.042890 0.044633 -0.057361 -0.060679 0.044772 -0.047114 -0.018775 0.032471 0.007930 0.037917 0.112505 0.035661 0.065734 0.002818 0.018784 -0.007916 -0.052278 0.069211 0.027766 0.013472 0.064232 -0.092533 0.039112 -0.031589 0.097806 0.047841 0.061035 -0.048463 -0.036727 -0.102475 -0.057756 0.016955 0.166734 
0.018922 0.016996 0.077349 -0.003450 -0.022685 0.046757 -0.047987 -0.036386 0.056829 -0.056082 -0.017353 0.027437 0.007691 0.024863 0.078134 0.038858 0.060199 -0.008039 -0.023471 -0.008634 -0.066760 0.115007 -0.018404 0.033534 0.069894 -0.131105 0.041695 -0.065821 0.188866 0.025057 0.090965 -0.065031 -0.002120 -0.100026 -0.091165 0.024362 0.156170 
0.009315 0.077928 -0.010422 0.032812 0.067750 -0.026301 0.004838 0.007121 0.049990 -0.047804 -0.081152 -0.098011 -0.004956 -0.002910 -0.071693 -0.111800 -0.057023 0.002644 0.045363 0.091680 -0.067861 -0.025067 0.066972 0.038803 0.027219 -0.004892 -0.040179 -0.054077 0.063866 0.074154 0.042975 -0.096572 0.027507 0.021602 0.104931 0.074814 -0.001465 
0.022432 0.073378 -0.017311 0.061267 0.057399 -0.035300 -0.016214 0.004172 0.045643 -0.037646 -0.089779 -0.064561 0.006652 -0.001080 -0.079504 -0.147880 -0.080426 -0.012416 0.179835 0.108161 -0.052485 -0.097192 0.035563 0.026359 -0.060935 0.096201 -0.131729 -0.040212 0.017976 -0.028469 -0.053130 -0.049334 0.032897 0.001912 -0.011583 -0.017584 -0.054624 
0.024746 0.064144 -0.016272 0.061525 0.058061 -0.031649 -0.016770 0.001666 0.057282 -0.048434 -0.096354 -0.056756 0.017859 0.015471 -0.075771 -0.126576 -0.083632 -0.011066 0.156259 0.085945 -0.038755 -0.075808 0.041508 0.013608 -0.070022 0.080316 -0.119856 -0.039571 0.008073 -0.054363 -0.066449 -0.029117 0.016099 0.015092 -0.065569 -0.027457 -0.065459 
0.033772 0.052957 -0.005323 0.032022 0.084265 -0.010148 -0.000082 -0.011293 0.075298 -0.059804 -0.091585 -0.053037 0.030266 0.036030 -0.048867 -0.059771 -0.077463 0.005275 -0.027807 -0.002426 -0.033178 0.041132 0.042730 -0.000140 0.007954 -0.026715 -0.008093 -0.066188 -0.029750 -0.044682 -0.020452 -0.115678 -0.016494 0.082225 0.035205 0.026331 -0.013712 
0.023729 0.059362 0.020781 0.019287 0.094484 -0.009448 0.011127 -0.014871 0.075256 -0.046919 -0.102266 -0.088153 0.024892 0.022887 -0.086034 -0.076462 -0.055824 0.003469 -0.021623 0.011776 -0.039477 0.052004 0.053180 0.009204 0.038185 -0.075269 -0.003280 -0.067444 0.054280 0.028966 0.011666 -0.098798 -0.025238 0.030976 0.051298 -0.010229 -0.037496 
0.020862 0.072039 0.019418 0.008439 0.090539 -0.013674 0.006507 -0.007068 0.064150 -0.044892 -0.102087 -0.091715 0.017800 0.017259 -0.086102 -0.092964 -0.052357 -0.007740 -0.004194 0.035585 -0.052388 0.036591 0.056237 0.015090 0.052254 -0.071286 -0.004458 -0.088455 0.045126 0.055775 -0.003258 -0.092833 0.009115 0.013249 0.130201 -0.006143 -0.050278 
0.057839 -0.003611 0.002257 0.048884 0.083915 -0.005686 -0.012439 -0.016628 0.081229 -0.063382 -0.074679 -0.034257 0.022755 0.009331 -0.071105 -0.021358 -0.049521 0.010005 0.002350 -0.086898 0.001277 0.048813 0.017537 -0.042503 0.012739 -0.043647 0.063537 0.014282 -0.060700 -0.054584 -0.005296 0.030720 0.032510 0.023005 0.040356 -0.087883 0.028261 
0.060346 -0.018632 -0.002214 0.086862 0.062678 -0.026645 -0.025971 -0.009074 0.072521 -0.059428 -0.071348 -0.027791 -0.001393 -0.019427 -0.118323 -0.050680 -0.041606 0.007865 0.204714 -0.024790 0.016359 -0.063139 -0.002892 -0.057900 -0.091649 0.042506 -0.026284 0.070117 -0.027784 -0.053430 -0.010859 0.027083 0.002482 -0.015253 -0.100793 -0.098236 -0.043351 
0.068081 -0.027432 -0.000354 0.086800 0.067012 -0.030650 -0.026889 -0.004763 0.061823 -0.061954 -0.066537 -0.026159 -0.013269 -0.031337 -0.128976 -0.028618 -0.046920 0.005657 0.232037 -0.022139 0.033237 -0.069696 -0.003382 -0.068403 -0.104332 0.032030 -0.028740 0.052991 -0.040199 -0.045952 -0.001278 0.009453 -0.002255 -0.047470 -0.068884 -0.079848 -0.037085 
0.068809 -0.043957 0.009355 0.064075 0.079323 -0.013967 -0.009954 -0.004990 0.064899 -0.076098 -0.051860 -0.052373 -0.018302 -0.036116 -0.120349 0.012588 -0.026076 0.030743 0.101920 -0.066255 0.027873 -0.001324 0.011592 -0.052827 -0.035571 -0.062070 0.075669 0.088378 -0.025661 0.023957 0.034784 -0.040746 -0.079361 -0.048511 0.049401 0.009611 0.031879 
0.063791 -0.029052 0.033221 0.038406 0.101152 -0.006163 -0.008037 -0.017851 0.073531 -0.064000 -0.073079 -0.055978 0.005155 -0.029394 -0.124491 -0.000830 -0.015455 0.027787 0.054137 -0.094824 0.012010 0.061672 0.005027 -0.043671 -0.007357 -0.101594 0.080994 0.011365 -0.027561 -0.001162 0.034789 -0.030809 -0.060038 0.024177 0.035007 -0.055479 0.035169 
0.058183 -0.015700 0.031077 0.038178 0.104871 -0.002457 -0.004832 -0.017645 0.083849 -0.063607 -0.081802 -0.057490 0.012376 -0.015108 -0.117077 -0.010694 -0.026056 0.023363 0.026494 -0.099739 0.003979 0.072996 0.009513 -0.041237 0.008198 -0.096735 0.084334 0.006021 -0.027085 -0.008124 0.014511 -0.006698 -0.033580 0.025459 -0.001691 -0.103442 0.020531 
-0.043971 0.003686 0.143698 -0.087238 0.035014 -0.051252 0.042205 0.003896 -0.049530 0.009428 0.066948 -0.014782 0.035365 0.003291 -0.074887 0.021288 -0.058184 0.027371 -0.155189 0.087301 -0.062212 -0.022351 0.023979 -0.102803 0.045163 0.110455 -0.027634 0.028570 -0.106145 -0.042543 0.171831 -0.158577 0.121720 -0.019304 -0.078529 0.008924 0.036099 
-0.005134 0.026163 0.134060 -0.106362 -0.042420 0.045331 -0.036865 -0.015386 -0.080363 -0.035681 0.046491 -0.070649 0.029042 0.032348 -0.011064 -0.045098 -0.046119 -0.004110 -0.040280 0.058469 0.047280 -0.024321 -0.032876 -0.055711 0.015134 0.038031 0.057046 0.011253 -0.037428 -0.047808 -0.065505 -0.046059 0.022312 0.043564 -0.040181 0.062391 -0.060995 
0.008009 0.022408 0.117412 -0.089942 -0.094023 0.080144 -0.082599 -0.031134 -0.093243 -0.053002 0.048638 -0.108775 0.010900 0.016167 0.029139 -0.051475 -0.015526 -0.020507 0.049052 0.023048 0.047329 -0.016710 -0.010975 -0.044130 -0.021078 0.040681 0.102392 -0.001380 0.050202 0.003019 -0.161164 0.008727 -0.096007 0.117970 -0.000183 0.099113 -0.088756 
0.010801 0.015359 0.120769 -0.093387 -0.093583 0.077484 -0.090486 -0.025463 -0.091135 -0.057729 0.045444 -0.091401 0.014633 0.000866 0.030398 -0.051991 -0.017738 -0.012028 0.056317 0.012408 0.029868 -0.004572 -0.026293 -0.022324 -0.037664 0.036978 0.119493 -0.000158 0.035168 0.024013 -0.170263 0.032779 -0.088140 0.118644 0.033166 0.008006 -0.098031 
0.008566 0.007949 0.123536 -0.085111 -0.092304 0.087001 -0.088677 -0.018056 -0.093935 -0.056377 0.050391 -0.102192 0.011294 -0.004395 0.028152 -0.061774 -0.016911 -0.009482 0.060768 0.002976 0.031933 0.002894 -0.020265 0.002437 -0.047323 0.045396 0.122587 0.037024 -0.001785 0.004512 -0.163721 0.062550 -0.077365 0.093156 0.054769 0.011598 -0.140877 
0.001815 -0.004936 0.146314 -0.089580 -0.037838 0.054619 -0.057994 -0.001225 -0.082011 -0.037896 0.064598 -0.046303 0.021904 -0.031733 -0.010784 -0.061354 -0.034764 -0.000659 -0.009499 0.001612 -0.003776 0.050446 -0.032321 0.046371 -0.060655 0.054113 0.089755 0.067013 -0.042761 0.021259 -0.080013 -0.006234 -0.048129 -0.026763 -0.024886 0.054407 -0.178386 
-0.027853 -0.034881 0.156240 -0.066776 0.038265 -0.043271 0.013770 0.012088 -0.059245 -0.007462 0.085171 0.014404 0.023237 -0.075437 -0.068339 0.003542 -0.032454 0.053001 -0.098512 0.024743 -0.098764 0.083751 0.000673 0.065625 -0.067569 0.111537 0.037215 0.155969 -0.135311 0.051886 0.165348 -0.040637 0.022054 -0.025800 -0.160764 -0.009179 -0.022626 
-0.084917 -0.057588 -0.000096 -0.056768 0.098706 -0.107104 0.037695 -0.016424 -0.084117 -0.066083 0.026118 0.100813 0.010071 -0.047279 -0.012141 -0.029481 -0.015694 -0.054644 -0.056803 -0.044651 0.013992 0.024273 -0.024430 0.116342 -0.090056 -0.075081 -0.047778 -0.007609 -0.063188 0.026200 -0.013938 -0.041184 0.075420 -0.115950 -0.035519 -0.038766 -0.110503 
-0.105037 -0.069645 -0.078504 -0.052004 0.128982 -0.137866 0.056599 -0.046226 -0.085372 -0.079352 0.019604 0.153233 0.020889 -0.036124 0.015174 -0.020929 -0.004255 -0.073013 -0.019884 -0.053602 0.010138 -0.026940 -0.063069 0.053242 -0.018340 -0.083946 -0.088843 -0.050038 0.024207 -0.000816 -0.049560 -0.000210 0.032145 -0.005826 0.129166 -0.084998 -0.009799 
-0.104845 -0.067372 -0.093633 -0.053744 0.128291 -0.141583 0.064087 -0.053295 -0.082300 -0.079239 0.017204 0.152435 0.029925 -0.023201 0.024234 -0.017136 0.000899 -0.061519 -0.015099 -0.042014 0.002295 -0.059040 -0.073066 -0.007763 0.012399 -0.085392 -0.122673 -0.058832 0.071953 0.009617 -0.045397 0.013692 0.011226 -0.017302 0.113634 -0.068545 0.030188 
-0.102989 -0.062730 -0.088157 -0.056798 0.127826 -0.145209 0.074834 -0.055809 -0.074158 -0.070115 0.013387 0.140257 0.038371 -0.014503 0.026800 -0.019205 -0.001578 -0.046609 -0.034836 -0.035410 0.027956 -0.098594 -0.068967 -0.037190 0.020524 -0.083027 -0.110427 -0.076869 0.097093 -0.033725 -0.044686 -0.010482 0.020273 -0.040927 0.096952 -0.041782 0.038627 
-0.083479 -0.041560 -0.016927 -0.063477 0.094542 -0.114089 0.075988 -0.035199 -0.057390 -0.037986 0.018691 0.088080 0.049478 -0.008395 0.004330 -0.018523 -0.020972 -0.007434 -0.084686 0.012086 0.059970 -0.137968 -0.023665 -0.104781 0.025462 -0.040348 -0.075808 -0.096204 0.004060 -0.059721 0.003488 -0.068552 0.088373 -0.016155 -0.047758 -0.001058 -0.063294 
-0.045379 0.003117 0.127771 -0.084998 0.018716 -0.032684 0.019477 -0.009243 -0.057896 -0.008621 0.049919 -0.010191 0.046264 0.014418 -0.071751 0.009490 -0.057704 0.011857 -0.138979 0.088025 -0.034537 -0.026783 0.009711 -0.092883 0.043403 0.077157 -0.055592 0.026914 -0.185601 -0.059059 0.126371 -0.168818 0.179490 -0.046125 -0.081552 -0.043130 -0.003473 
-0.004163 0.018774 0.151186 -0.085230 -0.061087 0.034294 -0.050315 -0.041312 -0.031445 -0.058659 0.041888 -0.053400 0.021099 0.007720 -0.002932 -0.014341 -0.004742 -0.007153 -0.015162 0.104162 0.040984 -0.075461 -0.151967 0.034029 -0.027186 -0.040110 0.061082 -0.027591 0.084365 -0.050617 -0.007346 -0.016420 -0.103726 -0.081486 0.041042 0.043541 0.161147 
-0.000163 0.013085 0.145409 -0.083174 -0.063540 0.042048 -0.069823 -0.039451 -0.037705 -0.065080 0.036432 -0.040917 0.020261 -0.010375 0.005338 -0.021899 -0.000521 -0.009249 0.010349 0.087408 0.029041 -0.045142 -0.162986 0.048228 -0.025570 -0.023578 0.081352 -0.049595 0.050885 -0.014929 -0.030534 0.009443 -0.072383 0.003800 0.059402 -0.053431 0.109096 
-0.005123 0.004010 0.156608 -0.079509 -0.053530 0.039170 -0.073744 -0.025919 -0.031289 -0.059976 0.051525 -0.032954 0.017419 -0.021522 -0.011378 -0.025726 -0.001984 -0.003016 0.000324 0.070895 0.022642 -0.035761 -0.156054 0.087122 -0.041758 0.003834 0.084150 -0.039705 0.003284 -0.032038 -0.014781 0.059971 -0.045636 0.027668 0.065161 -0.083704 0.093668 
-0.032309 -0.034264 0.138968 -0.069694 0.024985 -0.029195 0.002063 -0.000982 -0.067355 -0.020163 0.072869 0.016768 0.030072 -0.048904 -0.050912 -0.014313 -0.032973 0.044102 -0.095995 0.024588 -0.078466 0.056413 -0.014993 0.059194 -0.062657 0.085503 -0.012549 0.125062 -0.153576 0.047424 0.124076 -0.077274 0.078029 -0.041210 -0.132341 -0.028075 -0.043042 
-0.095387 -0.062274 -0.090971 -0.034237 0.086010 -0.092146 0.040340 -0.015026 -0.111066 -0.105552 0.034260 0.037566 0.011069 -0.014163 -0.008330 -0.044342 -0.034754 -0.061341 -0.007546 -0.134475 0.023820 0.061057 0.121469 -0.010096 0.020345 0.043703 -0.038012 0.110383 0.016026 0.101162 -0.069251 0.173529 -0.052966 0.124133 -0.032819 0.062518 0.011305 
-0.092364 -0.063233 -0.107187 -0.036339 0.081032 -0.096005 0.045300 -0.019538 -0.112379 -0.103477 0.029723 0.036191 0.015969 -0.003448 0.013912 -0.038969 -0.028474 -0.039715 0.009083 -0.119292 0.016149 0.046222 0.118261 -0.060810 0.042408 0.047591 -0.066439 0.123628 0.075095 0.107184 -0.078674 0.166760 -0.090163 0.091115 -0.055206 0.126095 0.041096 
-0.091498 -0.061628 -0.098511 -0.035704 0.081784 -0.093688 0.055550 -0.019669 -0.099575 -0.095107 0.031174 0.026493 0.021343 0.005899 0.015167 -0.047289 -0.032092 -0.018827 -0.010312 -0.109545 0.034993 0.011982 0.116907 -0.076885 0.037450 0.049063 -0.081286 0.119496 0.094992 0.066803 -0.073253 0.145702 -0.110449 0.031222 -0.092981 0.183086 0.055510 
0.262991 -0.084304 -0.027448 0.006498 0.028546 0.123747 0.162778 0.091159 -0.112047 -0.122243 -0.090905 -0.071215 0.119373 -0.068933 -0.084587 -0.056361 0.192481 -0.151859 -0.144960 -0.112550 -0.172687 0.048760 0.038184 -0.003492 0.048867 -0.029292 0.121577 0.042109 -0.051374 -0.110382 0.013260 0.210161 0.147074 0.109181 0.050324 -0.066566 -0.066426 
0.264770 -0.151470 0.026368 0.001060 -0.014488 0.053687 0.138721 0.047420 -0.091058 -0.068327 -0.077289 -0.024955 0.008496 -0.054043 -0.083424 0.046742 0.114973 -0.064539 -0.026684 -0.021196 -0.043801 0.002422 0.001645 -0.002231 0.013829 -0.064254 0.041225 -0.046209 0.000270 -0.115960 0.027698 0.104592 0.052803 0.051667 -0.096079 0.047983 0.056538 
0.253603 -0.183096 0.069297 0.004600 -0.061797 -0.000295 0.126120 0.003503 -0.070848 -0.022303 -0.067480 0.075278 -0.060253 -0.047470 -0.076489 0.081820 0.021546 -0.028704 0.097858 0.098940 -0.007716 -0.044559 -0.032102 0.043552 -0.069948 -0.001041 -0.060049 -0.047564 -0.014852 -0.066483 -0.006284 0.003973 -0.049962 -0.032257 -0.112830 0.041458 0.153965 
0.219350 -0.151947 0.059995 0.003219 -0.113725 -0.053277 0.074039 0.002252 -0.001891 -0.016964 0.031337 0.154168 -0.090182 0.018848 -0.076011 0.045536 -0.089900 -0.023062 0.185341 0.129012 0.046098 0.005026 -0.057435 0.036856 -0.045068 0.076279 -0.153834 -0.111327 -0.002014 0.014026 -0.034116 -0.048828 -0.078447 -0.056425 -0.008250 -0.011863 0.049027 
0.182468 -0.072372 0.022838 -0.001824 -0.120843 -0.100227 0.031914 0.001237 0.119512 -0.013953 0.098474 0.185516 -0.058317 0.084029 -0.039744 0.014920 -0.153528 0.028827 0.051376 0.034789 0.062819 0.053140 0.090601 0.031800 0.067369 0.117976 -0.111098 -0.130628 0.017918 0.068886 -0.005954 -0.123950 -0.111282 0.095727 0.068450 -0.007325 -0.046184 
0.133961 0.008502 -0.037893 -0.043430 -0.065441 -0.105212 -0.023142 0.043191 0.153978 0.024516 0.068190 0.092573 -0.034394 0.159258 0.025333 -0.008020 -0.118734 0.121016 -0.064668 -0.050586 -0.051692 0.064559 0.093281 -0.023796 -0.015406 0.061074 -0.082818 -0.092854 -0.047394 0.129351 -0.077859 -0.143780 -0.146901 0.118873 0.016611 -0.113090 -0.057318 
0.050262 0.051057 -0.068435 -0.102281 0.025697 -0.082554 -0.001678 0.060373 0.140380 0.062434 0.005382 -0.050508 0.030846 0.245503 0.042117 0.032644 -0.037422 0.160061 -0.160035 -0.083284 -0.052827 0.034682 0.022822 -0.005751 0.048420 -0.027928 0.057621 0.005281 -0.125775 0.120719 -0.067597 -0.025149 -0.183574 0.006441 0.032440 -0.119780 -0.044563 
-0.018095 0.045001 -0.045488 -0.119754 0.151005 -0.042613 0.016630 0.095990 0.120408 0.108266 -0.055422 -0.077514 0.016878 0.228552 0.011656 0.016786 0.028878 0.120150 -0.083916 -0.015313 0.042875 0.057719 -0.095985 0.040277 0.033239 0.017030 0.108452 0.084278 -0.128793 0.101441 -0.038437 0.105355 -0.108236 -0.201072 -0.002117 -0.009069 0.021200 
-0.023433 0.004864 -0.028432 -0.073432 0.203235 0.013006 0.038672 0.173165 0.102132 0.085367 -0.133639 -0.040396 0.043692 0.087678 0.044188 -0.031601 0.091681 -0.044122 0.064013 0.047948 0.100418 0.013589 -0.133932 0.065808 0.063121 0.000317 0.098461 -0.012952 -0.125767 0.120347 -0.056558 0.064521 0.071082 -0.122984 -0.092780 0.149600 -0.036210 
0.005654 -0.029100 -0.020219 -0.037348 0.168342 -0.002645 -0.005450 0.146960 0.138269 0.078277 -0.122789 -0.028859 0.011292 -0.071361 0.078150 -0.039131 0.093688 -0.141931 0.070587 0.116170 0.134470 -0.146502 -0.038212 0.007210 -0.000585 0.053158 0.068867 -0.021234 -0.063948 0.150583 -0.005597 0.047681 0.103726 -0.039147 -0.164178 0.109760 -0.006291 
0.063504 -0.033315 -0.014286 0.001921 0.056539 -0.031222 -0.035068 0.082053 0.137064 0.054988 -0.056555 -0.025841 -0.018343 -0.154355 0.063787 -0.078569 0.102712 -0.167063 0.011732 0.013343 -0.068099 -0.255260 0.006850 0.091959 -0.076051 -0.032312 0.038115 0.037006 -0.028840 0.176769 -0.000117 -0.071775 0.120729 0.087941 -0.037733 0.090010 0.037994 
0.087076 0.017116 0.011824 0.024041 -0.077383 -0.090956 -0.016942 -0.017041 0.172654 0.051317 0.001665 0.021775 -0.068513 -0.140082 -0.038212 -0.070743 0.032648 -0.079070 -0.054470 -0.019178 -0.090357 -0.183842 0.035412 0.118789 -0.053598 -0.063015 0.068417 0.185121 0.012852 0.077095 0.019307 -0.003599 0.111119 0.093345 0.065629 0.033281 0.087678 
0.089031 0.115650 0.046746 0.036352 -0.153529 -0.107783 0.014139 -0.006555 0.110487 0.037377 0.089702 0.104618 -0.157394 -0.096982 -0.077806 -0.056271 -0.055277 -0.022139 -0.071552 -0.065793 -0.038444 -0.108885 0.018665 0.063566 0.005306 -0.056267 0.052314 0.191053 0.064130 0.001024 0.037483 0.055318 0.085966 0.094730 0.141381 0.010704 0.027478 
0.081584 0.215001 0.030955 0.021685 -0.150087 -0.070315 0.020838 0.068991 0.052069 -0.002446 0.104633 0.145931 -0.165085 -0.105953 -0.046826 -0.081427 -0.070906 0.012531 0.000392 0.022210 0.011954 0.028582 -0.064601 -0.108019 -0.014522 -0.097535 -0.037503 0.118344 0.036258 -0.046487 -0.001094 0.101694 0.088473 0.032667 0.047493 -0.083367 -0.061542 
0.083642 0.261382 0.025343 -0.031278 -0.063975 0.010132 0.020173 0.148805 -0.017306 -0.035129 0.053030 0.106204 -0.103209 -0.040587 -0.037499 -0.021290 -0.035816 0.061614 0.014781 0.024440 0.039294 0.124502 -0.077367 -0.092465 -0.018310 -0.092202 -0.073426 0.028327 0.086236 -0.055315 -0.010049 0.069447 0.036638 -0.007580 0.004179 -0.056691 -0.109648 
0.110082 0.247666 -0.027759 -0.059116 0.050055 0.086014 0.073049 0.174607 -0.081669 -0.095085 -0.028087 0.096940 0.047626 0.024276 -0.092132 0.021515 0.074914 0.100943 0.023566 0.043760 0.008728 0.066553 0.039893 -0.035441 -0.008144 -0.059961 -0.047388 -0.008025 0.159827 -0.042716 0.005055 0.012823 -0.054776 -0.075029 -0.094023 0.020007 -0.047887 
0.143970 0.224551 -0.074922 -0.081070 0.118418 0.166891 0.099906 0.190740 -0.164260 -0.154789 -0.079642 0.104167 0.180329 0.093747 -0.124337 0.031236 0.203240 0.091934 -0.018669 0.002492 -0.118231 -0.063259 0.123086 -0.061958 -0.053320 0.198917 0.015303 -0.053350 0.212781 0.062545 0.009386 -0.110855 -0.152048 -0.107785 -0.004910 0.028768 -0.032660 
0.040997 0.148115 -0.079629 -0.143167 0.016776 -0.048077 -0.121555 0.055140 -0.056265 -0.055068 -0.068298 -0.018076 -0.003896 -0.150383 0.194888 -0.033815 -0.041358 0.129184 0.129184 -0.096030 0.123574 -0.080766 -0.107593 -0.109998 -0.026949 -0.073249 -0.011655 0.036914 -0.120942 -0.068594 0.281512 -0.132191 -0.105444 0.100862 0.119747 0.363270 0.031691 
-0.000312 0.108506 -0.043945 -0.080391 0.023788 -0.043024 -0.085319 0.050845 -0.034788 -0.092704 -0.052162 0.051865 -0.027181 -0.048967 0.131299 -0.138692 -0.030272 0.060283 0.110442 -0.082136 0.078225 -0.031083 -0.022553 -0.028740 0.049576 -0.083608 0.003722 0.060936 -0.091782 -0.041590 0.164679 -0.024715 -0.020667 0.022653 0.002544 0.021989 0.019543 
-0.030596 0.072845 -0.021674 0.000723 -0.008772 -0.017375 -0.068040 0.030060 -0.030749 -0.056052 -0.005339 0.076469 -0.052041 0.025614 0.125293 -0.169329 -0.023847 0.000834 0.066722 -0.057928 0.036849 -0.044730 -0.029194 -0.005859 0.115457 -0.117564 0.023012 0.128191 0.003342 0.027389 0.086966 -0.024755 -0.006833 0.066044 -0.126063 -0.150892 -0.035746 
-0.051567 0.044309 0.002286 0.060353 -0.025730 -0.025950 -0.059294 0.021335 -0.061441 -0.008057 -0.026174 0.107800 -0.055298 0.097208 0.075119 -0.159173 -0.009234 -0.058410 0.046306 -0.010866 0.054547 -0.051438 -0.038621 0.014753 0.094584 -0.028591 0.078666 0.104414 -0.015323 0.080237 0.021304 -0.055083 0.034197 0.083242 -0.084958 -0.123989 -0.106353 
-0.066945 0.009842 0.015430 0.087187 -0.031941 -0.065469 -0.031183 0.005594 -0.077536 -0.017823 -0.048900 0.122727 -0.013938 0.162662 0.021671 -0.083254 0.000799 -0.090829 0.021008 0.063905 0.155009 0.021351 -0.080499 0.071116 -0.010152 0.056786 0.185092 0.033513 -0.070961 0.064912 -0.010425 -0.060553 0.056103 -0.057689 0.053425 0.004765 -0.118642 
-0.049920 -0.067886 0.036077 0.084597 -0.054446 -0.075154 0.000042 -0.044522 -0.161625 -0.023922 -0.025537 0.133923 -0.050092 0.131669 -0.021980 -0.090997 0.079374 -0.026318 0.017617 0.056817 0.112722 -0.060777 0.056983 0.145808 0.012273 0.069038 0.204278 -0.050930 -0.013855 0.123801 0.040511 -0.081516 0.027720 -0.010533 0.041380 0.063902 -0.012529 
-0.025766 -0.100143 0.033933 0.061439 -0.009335 -0.064243 -0.017410 -0.059043 -0.136022 -0.004092 0.005897 0.042827 -0.107486 0.177578 -0.033575 -0.084272 0.048579 -0.007096 -0.002887 0.074046 -0.007196 0.005061 0.056595 0.045044 -0.016003 -0.054311 0.110044 -0.010157 0.041824 0.180999 0.049174 -0.095802 -0.024267 0.001773 -0.140761 -0.068774 0.062761 
0.006788 -0.111484 0.006336 0.004310 0.027280 -0.068291 -0.058592 -0.029534 -0.085734 -0.029324 0.022393 -0.047677 -0.101588 0.163275 0.027099 -0.014510 0.004760 -0.037652 0.005005 0.107896 -0.074483 0.008644 -0.011123 0.021566 -0.012162 -0.095535 0.016413 -0.009059 0.093963 0.140525 0.104495 -0.036181 -0.021140 -0.052201 -0.147819 -0.133251 0.024005 
0.062819 -0.113499 -0.028661 -0.080199 0.071432 -0.083784 -0.104434 -0.001736 -0.045604 -0.029769 -0.018045 -0.078251 -0.027364 0.156207 0.081535 0.040348 -0.054835 -0.075700 0.002547 0.142804 -0.101070 0.020655 0.009002 0.019138 -0.070047 -0.054212 -0.035110 -0.019263 -0.036210 0.024090 0.141037 0.162320 -0.023724 -0.034461 0.078223 -0.117036 -0.018295 
0.135531 -0.108705 -0.058918 -0.178137 0.104591 -0.075895 -0.175247 0.015552 -0.053791 0.026488 -0.061079 -0.129416 0.001329 0.118955 0.152502 0.123428 -0.162331 -0.111883 -0.000698 0.191687 -0.128166 0.068770 0.072927 -0.012526 -0.186709 -0.099786 -0.117736 -0.013774 -0.145688 -0.033651 0.120358 0.271742 -0.104887 0.103666 0.246566 0.084689 -0.017290 
-0.055665 -0.019380 0.075109 0.058180 -0.015890 -0.070911 -0.008939 -0.016564 0.026777 -0.038636 -0.058285 0.053705 0.009977 0.054106 -0.027932 0.009645 0.041575 0.013055 0.057262 0.006140 0.020554 0.023470 0.024619 0.002499 0.039257 0.021658 0.068592 -0.070694 -0.050386 -0.080025 -0.215432 0.075501 0.070787 0.000834 -0.079825 0.085283 -0.056016 
-0.083953 -0.003469 0.121514 0.114507 0.021205 -0.061625 0.024290 -0.016565 0.033735 -0.012270 -0.085958 0.053161 0.011550 0.020959 0.009615 0.054757 0.032217 0.047109 -0.015457 0.022983 -0.011889 0.010032 0.035987 -0.011345 -0.015891 0.038069 0.042807 0.007221 -0.012381 -0.069823 -0.155183 0.060239 -0.024866 0.084403 -0.043055 0.078534 -0.014157 
-0.118796 0.007661 0.162804 0.170758 0.046967 -0.055364 0.058121 -0.014606 0.033590 0.008211 -0.119504 0.066091 0.012154 -0.013947 0.055094 0.112267 0.008251 0.075773 -0.074013 0.029585 -0.036870 0.005149 0.048452 -0.003429 -0.068282 0.063958 0.024150 0.089681 0.019248 -0.050162 -0.095701 0.028831 -0.107634 0.143481 -0.017328 0.074201 0.023062 
-0.150344 0.018339 0.196402 0.217095 0.075747 -0.031990 0.083517 -0.018178 0.029371 0.033343 -0.143867 0.087225 -0.000764 -0.058358 0.122637 0.152268 -0.008613 0.096456 -0.114373 0.047431 -0.038105 -0.026322 0.077826 0.003625 -0.150394 -0.004257 -0.017259 0.126709 0.088174 -0.023326 -0.071528 -0.021970 -0.175469 0.226341 -0.056113 0.053874 0.033613 
-0.066620 0.007207 0.101617 0.068551 -0.034085 -0.021097 0.060922 -0.019739 0.008376 -0.048098 -0.090761 0.044413 0.030970 -0.029469 0.015160 0.029496 0.004604 0.032323 -0.082974 0.056180 -0.060913 0.005360 -0.043486 -0.006184 0.089896 -0.070562 -0.022047 0.031590 -0.113543 -0.120299 -0.062749 0.091485 -0.064510 -0.061938 0.082149 0.031644 -0.084799 
-0.072890 0.011708 0.140296 0.090683 0.032122 -0.038145 0.075155 -0.018736 0.041236 -0.059559 -0.069700 0.019081 0.017527 -0.075036 0.024291 0.043107 -0.010822 0.018906 -0.105861 0.016303 -0.025382 0.007876 -0.065717 -0.006133 0.010153 -0.037910 -0.031146 0.007694 -0.030234 -0.069394 0.026972 0.063035 -0.052891 -0.034779 0.039975 -0.009844 0.038627 
-0.082392 0.016239 0.161463 0.114318 0.057577 -0.054474 0.067782 -0.006372 0.051344 -0.046268 -0.033079 0.021068 0.006834 -0.083185 -0.017972 0.065929 0.018482 -0.004267 -0.077066 0.013006 -0.000515 0.051265 -0.072216 -0.018071 -0.007159 -0.037106 -0.040306 -0.063079 0.025856 0.008332 0.080936 -0.005608 -0.063634 -0.031175 0.032179 0.069007 0.064440 
-0.082912 0.022159 0.137252 0.091310 0.030732 -0.044450 0.037315 -0.000762 0.039930 -0.044415 -0.053275 0.067583 0.015938 -0.088675 -0.001889 0.081011 -0.000882 -0.007324 -0.089762 0.024969 0.054843 0.050131 -0.075753 0.013219 -0.040903 0.039730 -0.032746 -0.123613 0.013461 0.008326 0.071484 0.012271 -0.023092 -0.048799 0.063949 -0.012419 -0.001197 
-0.077056 0.017848 0.106502 0.066402 -0.016987 -0.053259 0.007598 -0.003448 0.039127 -0.034805 -0.052269 0.088549 0.030406 -0.049297 -0.026645 0.068861 0.021901 -0.000111 -0.081401 0.024538 0.074287 0.047179 -0.068932 0.011646 0.018124 0.096617 -0.008539 -0.144124 -0.045362 -0.014067 0.042875 0.085992 -0.011749 -0.041217 0.153875 -0.024763 -0.121669 
-0.009077 0.127222 -0.010380 -0.116746 0.044917 -0.022707 -0.018859 -0.051982 0.085489 0.034544 0.050451 -0.005243 0.129434 0.008344 -0.019609 -0.021208 0.009281 -0.069047 -0.025207 -0.011761 -0.014003 0.014896 0.033849 -0.006779 -0.051363 -0.043850 0.005739 0.088555 -0.013373 -0.131030 -0.094545 -0.075243 0.067107 -0.080291 0.078715 -0.055431 0.135346 
-0.019718 0.099708 -0.021518 -0.086975 0.009837 -0.035049 -0.046297 -0.056240 0.058308 0.074549 0.055924 -0.039437 0.066592 -0.036913 0.019116 -0.024761 0.033696 -0.082043 -0.006155 0.005498 0.005592 0.041615 0.058621 -0.016158 -0.048797 -0.009428 0.001113 0.135916 0.023278 -0.048562 -0.176723 -0.062333 0.050121 -0.098856 -0.039966 -0.016657 0.157218 
-0.021344 0.082020 -0.027269 -0.070836 0.002675 -0.036383 -0.046063 -0.055039 0.047893 0.071132 0.047213 -0.033331 0.068739 -0.064870 0.012815 -0.042069 0.017370 -0.085215 -0.001876 -0.011713 -0.004094 0.052457 0.021098 -0.007437 -0.039373 0.033944 0.002684 0.104628 0.013694 -0.014887 -0.177748 -0.041558 0.029253 -0.082488 0.004688 -0.021795 0.128213 
-0.010038 0.060123 -0.017203 -0.054094 -0.009228 -0.036114 -0.042441 -0.055254 0.047378 0.039486 0.073141 -0.061804 0.048664 -0.067219 0.011805 0.030524 0.005609 -0.119739 -0.001258 -0.047915 0.023575 0.037373 -0.059664 -0.048941 -0.038120 0.046084 -0.007704 -0.001003 0.083538 -0.011766 -0.076775 -0.082827 -0.045112 -0.066081 0.046305 -0.019394 -0.024986 
-0.019009 0.080107 -0.015806 -0.081456 0.004990 -0.052811 -0.030572 -0.056237 0.056815 0.034926 0.055701 -0.040309 0.055602 -0.058365 -0.015183 0.035647 0.022541 -0.087475 -0.000275 -0.046321 0.005248 0.030963 0.022072 -0.031504 -0.011627 0.077835 -0.011404 0.043219 0.023868 -0.056067 -0.079831 -0.063102 0.009401 -0.105012 0.036261 0.009239 0.018417 
-0.016491 0.097648 -0.006870 -0.095618 0.018280 -0.054728 -0.023711 -0.062476 0.057237 0.039781 0.058261 -0.041899 0.060446 -0.031835 -0.016889 0.044812 0.034921 -0.074080 -0.020295 -0.027712 0.003486 0.014830 0.053835 -0.037180 -0.018333 0.023556 -0.010130 0.066966 -0.010952 -0.101282 -0.075626 -0.061252 0.017391 -0.130303 0.028669 0.008891 0.067612 
0.019965 -0.060073 0.031282 -0.017864 -0.015008 -0.052450 -0.024487 -0.057336 0.016826 0.026815 0.031074 -0.040958 0.052302 0.003456 0.020560 0.050530 -0.012164 0.034099 0.007417 -0.076754 -0.058216 -0.094603 -0.081848 0.054829 0.007953 0.031030 -0.019420 -0.078740 0.057665 -0.026088 -0.093536 0.007922 0.004514 -0.038943 0.021305 -0.028724 -0.035041 
0.029796 -0.070268 0.015693 -0.054464 0.000041 -0.045221 -0.047331 -0.080555 0.055240 0.062632 0.034953 -0.053316 0.064536 -0.021190 -0.016001 -0.003781 -0.017095 0.052617 0.042652 -0.080576 -0.011729 -0.002448 -0.037418 0.018039 0.099636 0.044392 -0.016188 -0.049871 0.066733 0.037881 -0.137547 0.018977 0.092626 0.012493 -0.088005 0.030149 0.023196 
0.040230 -0.077295 0.023684 -0.062605 0.022749 -0.050495 -0.049340 -0.093226 0.079886 0.091964 0.044858 -0.080258 0.061719 -0.035361 -0.024346 -0.005615 -0.022852 0.075646 0.006936 -0.093319 0.019938 0.046559 -0.049424 -0.016686 0.123392 0.074170 -0.015908 -0.050087 0.089608 0.053370 -0.065170 0.057777 0.100033 0.064647 -0.108042 0.019787 0.044573 
0.063177 -0.089949 0.044843 -0.092336 0.058481 -0.028739 -0.038443 -0.091932 0.088052 0.080569 0.064954 -0.074790 0.075340 -0.044474 -0.050162 0.016317 -0.029115 0.057319 -0.005674 -0.118221 0.004788 0.076262 -0.055802 -0.058601 0.128203 0.087970 -0.036100 -0.120753 0.119184 0.079684 0.049298 0.008791 0.079730 0.089356 -0.017451 0.010849 -0.004858 
0.040436 -0.078953 0.040939 -0.062762 0.020464 -0.040640 -0.037926 -0.077332 0.073832 0.064387 0.046447 -0.077830 0.060887 -0.070282 -0.029500 0.023304 -0.009150 0.037168 0.013723 -0.090356 -0.008911 0.049584 -0.057187 -0.032047 0.134235 0.109028 -0.052863 -0.097583 0.066245 0.040813 0.017544 0.033758 0.073849 0.049547 -0.028652 0.037490 -0.067758 
0.032468 -0.070986 0.033701 -0.048581 -0.004393 -0.046114 -0.037809 -0.074687 0.047763 0.039227 0.033682 -0.060607 0.051869 -0.065172 -0.018886 0.033972 -0.005678 0.025731 0.020955 -0.071426 -0.043248 -0.016588 -0.053740 0.025921 0.091252 0.086357 -0.047764 -0.081240 0.058037 0.009013 -0.039330 0.021165 0.047980 -0.014702 -0.021012 0.033140 -0.045728 
-0.054843 0.029598 -0.174291 0.023425 -0.061062 0.084663 -0.065253 -0.049781 0.032102 -0.071836 0.008479 -0.043655 0.025734 0.084921 -0.028187 -0.039932 0.023627 -0.060056 -0.183961 -0.048926 0.030504 -0.065802 -0.037531 0.061791 0.020342 0.026923 -0.032764 -0.025972 -0.012345 -0.182822 0.043085 -0.088759 -0.004579 0.145079 -0.093857 -0.023553 -0.081765 
-0.074102 0.009473 -0.051843 0.036494 -0.055961 0.139963 -0.066200 -0.022660 -0.055653 -0.036763 -0.018422 -0.040688 0.019869 0.011182 -0.024651 -0.036723 0.027608 0.003578 -0.064063 -0.054716 0.023259 0.026847 0.065863 0.016639 0.008513 -0.066818 -0.132016 0.016094 -0.040497 0.008916 -0.015685 -0.030907 -0.043705 -0.065691 0.008301 -0.004661 0.028925 
-0.080204 0.000305 0.040890 0.039535 -0.080961 0.137428 -0.034726 -0.009604 -0.088260 0.024052 -0.018905 -0.071249 0.022285 -0.043685 0.005686 -0.001557 0.028130 -0.033753 0.012970 -0.028357 0.002235 0.031720 0.116547 -0.089334 -0.053040 -0.050121 -0.148722 0.055761 -0.054968 0.156598 -0.020614 -0.022262 -0.009924 -0.117682 0.077211 -0.058171 0.076986 
-0.067263 -0.012564 0.054584 0.030671 -0.079650 0.131370 -0.026172 -0.022721 -0.094583 0.016916 -0.034483 -0.102339 0.032847 -0.033229 -0.001128 0.022197 0.020428 0.010091 0.010081 -0.076528 0.026786 -0.013867 0.075492 -0.066875 -0.050638 -0.044396 -0.128344 0.030072 -0.063666 0.156489 0.006317 -0.001283 -0.002367 -0.101384 0.103449 -0.069267 0.075776 
-0.055960 -0.029751 0.043853 0.043976 -0.097686 0.139972 -0.030573 -0.031305 -0.088579 0.004884 -0.027660 -0.084748 0.069195 -0.033862 -0.009956 0.024855 -0.006864 0.073953 0.048906 -0.101861 -0.005396 -0.093243 0.036350 -0.064657 -0.021959 -0.054232 -0.139067 0.022040 -0.037136 0.179947 0.020292 -0.017535 0.014992 -0.083136 0.062897 -0.088875 0.065167 
-0.041803 -0.043854 -0.029466 0.047344 -0.095516 0.142196 -0.038230 -0.062385 -0.081896 -0.032579 -0.012797 -0.067750 0.033466 0.002909 -0.064845 0.035160 -0.066762 0.006094 -0.043005 -0.069126 0.011576 0.002929 0.077980 -0.010338 -0.005330 0.036572 -0.086818 0.051006 -0.017987 0.153472 0.057007 -0.030124 0.043952 0.003719 0.105935 -0.001781 0.031749 
-0.000736 -0.061978 -0.136072 0.035015 -0.085190 0.125116 -0.029028 -0.078184 0.002788 -0.120193 -0.025337 -0.078446 0.001625 0.060093 -0.105765 -0.009288 -0.138492 -0.030863 -0.113413 0.005382 0.194965 0.096051 0.040899 0.099523 -0.055227 0.134374 -0.001223 0.064024 -0.016343 -0.033291 0.086447 0.022007 0.097555 0.112762 -0.027194 0.056121 0.077319 
-0.057647 -0.070081 -0.121894 0.029959 0.015123 0.075319 0.033764 -0.050467 -0.034123 -0.039665 0.064867 -0.044057 -0.041162 -0.033290 -0.045950 0.067015 -0.072745 0.058519 0.030516 0.067929 -0.000351 0.036204 -0.013165 -0.004817 -0.002820 0.051420 0.112416 -0.001855 0.057719 -0.045432 0.101474 -0.021799 0.051233 0.064178 -0.017790 0.073347 -0.010781 
-0.085778 -0.067548 -0.059152 -0.000585 0.067694 0.033449 0.057158 0.001482 -0.050853 0.051134 0.124434 -0.059818 -0.046258 -0.075505 0.043892 0.043175 -0.019444 0.083871 0.158678 0.084841 -0.118497 -0.020745 -0.057498 -0.045206 0.009603 0.027517 0.095911 -0.012112 0.045676 -0.116288 0.063456 0.010872 -0.005448 0.039387 -0.048829 -0.056591 -0.087133 
-0.101849 -0.041806 -0.048997 -0.012208 0.099927 0.015616 0.070287 0.020533 -0.059267 0.089910 0.125929 -0.052314 -0.055723 -0.049204 0.047612 0.024718 -0.018226 0.048400 0.118790 0.061897 -0.094752 0.017706 -0.004178 -0.017137 -0.014516 0.006155 0.121988 -0.032629 0.051884 -0.148760 0.046767 0.019151 -0.030594 0.018792 -0.022390 -0.073245 -0.085941 
-0.109437 -0.024209 -0.055618 -0.009657 0.093449 0.015225 0.047823 0.034972 -0.061796 0.096107 0.131019 -0.035120 -0.064509 -0.039747 0.051653 0.017041 0.010569 0.030376 0.092695 0.083884 -0.124245 0.062486 0.010316 -0.013270 -0.047568 0.016225 0.112179 -0.026471 0.035950 -0.151788 0.013299 -0.030527 -0.064778 -0.010165 -0.019873 -0.031470 -0.087978 
-0.089385 0.008402 -0.123902 0.010466 0.043533 0.049402 0.003752 -0.004785 -0.038368 0.034225 0.098123 -0.031374 -0.027076 -0.005450 -0.001700 -0.024281 -0.023903 -0.002185 -0.033158 0.076332 -0.106731 0.043230 -0.020159 0.036161 -0.042572 -0.015779 0.071775 0.015583 0.061701 -0.142924 0.005671 -0.099961 -0.111551 -0.003970 -0.053928 0.008936 -0.025812 
-0.057767 0.009082 -0.195917 0.046277 -0.032025 0.086901 -0.061638 -0.049327 0.040375 -0.077357 -0.018256 -0.066859 -0.007482 0.059167 0.013828 0.010790 0.020267 -0.030972 -0.201260 -0.080970 0.063520 -0.079029 -0.033976 0.011941 -0.016631 0.002611 -0.031765 -0.039902 0.051268 -0.145747 0.049304 -0.080336 -0.032728 0.130289 -0.181331 -0.037026 -0.048495 
-0.074041 0.000906 0.036105 0.024759 -0.049610 0.092713 -0.025519 0.000609 -0.062778 0.007540 0.011415 0.004114 -0.004822 -0.003912 -0.049989 -0.011260 0.055497 -0.042009 0.030475 -0.014872 0.071285 -0.021701 -0.004645 -0.047556 0.028288 -0.103278 -0.188065 -0.099114 -0.054970 0.002006 -0.005950 -0.005913 0.008977 -0.089926 -0.039918 0.044768 -0.150428 
-0.064036 -0.016168 0.055004 0.024816 -0.054951 0.099178 -0.005276 -0.017717 -0.065869 -0.002186 -0.017885 -0.046531 0.004725 -0.017690 -0.034477 0.016929 0.034088 -0.013494 0.031497 -0.006256 0.058802 -0.058052 -0.032398 -0.028775 0.054950 -0.088326 -0.178160 -0.026064 -0.059407 0.008110 0.014305 0.049344 0.002465 -0.098900 -0.009668 0.022124 -0.096093 
-0.039931 -0.043569 0.033672 0.028703 -0.093171 0.103350 -0.004674 -0.039519 -0.065049 -0.016316 -0.008724 -0.045160 0.027940 -0.008197 -0.030339 0.009584 0.005517 0.008353 0.061115 -0.000359 0.019330 -0.132629 -0.060569 -0.010665 0.078301 -0.125000 -0.196480 -0.017393 -0.079266 -0.011512 -0.008552 0.055046 0.028685 -0.055857 -0.052066 0.000788 -0.143114 
-0.025526 -0.051355 -0.161095 0.042726 -0.057534 0.119572 -0.026150 -0.071854 0.001744 -0.115812 -0.015174 -0.057177 0.018384 0.065717 -0.056674 0.018818 -0.126611 -0.038197 -0.105391 0.027692 0.133987 0.051805 0.048563 0.134668 -0.120966 0.081045 -0.034547 0.077281 0.028595 -0.048278 0.055801 0.012024 0.072109 0.059364 -0.043955 -0.018011 0.053002 
-0.074337 -0.073349 -0.074614 0.017866 0.007944 0.056030 0.078689 -0.010945 -0.064385 0.006280 0.082979 -0.022221 -0.052089 -0.048481 0.011668 -0.036744 -0.040944 0.072213 0.161198 -0.014485 -0.063923 -0.027459 0.052208 -0.028874 0.068807 -0.042051 0.138187 -0.083903 -0.007229 -0.066980 0.004426 0.000735 0.084173 0.007582 0.078603 -0.047338 0.114200 
-0.095566 -0.043974 -0.059103 0.013378 0.036557 0.041597 0.085023 0.013993 -0.072940 0.035471 0.090898 -0.006956 -0.068405 -0.037140 0.010709 -0.048748 -0.035425 0.041456 0.125184 -0.019294 -0.039861 0.062977 0.088319 -0.038188 0.031034 0.015905 0.165378 -0.084979 -0.015293 -0.049265 0.017443 0.000961 0.050970 -0.034577 0.140866 -0.045966 0.151151 
-0.101002 -0.022264 -0.075916 0.013015 0.033681 0.044590 0.060799 0.026389 -0.075135 0.047695 0.106176 0.031180 -0.084550 -0.043757 0.000515 -0.074281 -0.017208 0.020723 0.124909 -0.018163 -0.033739 0.102620 0.119688 -0.051284 0.004502 0.000059 0.143615 -0.131024 0.008082 -0.026656 -0.014118 -0.063475 0.033285 -0.028032 0.089019 -0.011683 0.110862 
# The variances of the components (eigenvalues) of identity or combined identity and expression model
1
37
6
1057.783956 830.389698 402.977435 283.020237 203.832714 186.978416 152.134126 136.589284 95.482379 80.310036 74.313324 64.163693 53.637290 46.396622 44.395299 38.512988 36.474158 30.754993 28.729113 26.217188 19.954482 18.145083 17.521078 16.216121 14.048433 12.093275 9.415490 7.085423 4.120132 2.965206 2.222940 1.335133 1.045173 0.858687 0.798338 0.708508 0.565648 
